version: 1
creator: callgrind-3.9.0
pid: 20227
cmd:  ./um midmark.um
part: 1


desc: I1 cache: 
desc: D1 cache: 
desc: LL cache: 

desc: Timerange: Basic block 0 - 569764359
desc: Trigger: Program termination

positions: line
events: Ir
summary: 2939563841


ob=(5) /lib64/libm-2.12.so
fl=(52) ???
fn=(240) 0x00000035fe803f10
0 6

fn=(234) 0x00000035fe803e70
0 6

fn=(246) 0x00000035fe843f80
0 11

fn=(632) 0x00000035fe803e90
0 10
cob=(3) /lib64/libc-2.12.so
cfi=(92) /usr/src/debug/glibc-2.12-2-gc4ccff1/stdlib/cxa_finalize.c
cfn=(594) __cxa_finalize
calls=1 31 
0 62
cob=(1) /lib64/ld-2.12.so
cfi=(55) /usr/src/debug////////glibc-2.12-2-gc4ccff1/elf/../sysdeps/x86_64/dl-trampoline.S
cfn=(282) _dl_runtime_resolve
calls=1 30 
0 1602
0 5
0 13

ob=(1)
fl=(10) /usr/src/debug/glibc-2.12-2-gc4ccff1/elf/dl-environ.c
fn=(22) _dl_next_ld_env_entry
31 3
+3 11
+2 114
+11 55
-13 166
+17 1
-15 18
+6 2
-3 2
+3 2
+2 2

fl=(42) /usr/src/debug/glibc-2.12-2-gc4ccff1/elf/dl-init.c
fn=(184) _dl_init
93 11
+5 1
-4 1
+1 1
+3 2
+7 2
+27 2
+1 14
+1 6
-1 6
+1 12
-97 18
+9 5
-3 10
+3 15
+5 12
+5 6
+8 6
+6 18
cob=(2) ???
cfi=(12) ???
cfn=(252) 0x00000035ffc0a670
calls=1 -70 
* 29
cob=(2)
cfi=(12)
cfn=(232) 0x00000035fe803d90
calls=1 -70 
* 29
cob=(3)
cfi=(44) /usr/src/debug/glibc-2.12-2-gc4ccff1/csu/../sysdeps/unix/sysv/linux/init-first.c
cfn=(210) _init
calls=1 -18 
* 2135
+4 3
+1 6
+65 8
-89 2
-5 4
-9 3
+9 1
-3 2
+3 3
+5 3
+5 2
+8 2
+6 7
cob=(2)
cfi=(12)
cfn=(186) 0x00000000048014d0
calls=1 -70 
* 40
* 1
+4 1
+1 2
+26 2

fl=(22) /usr/src/debug/glibc-2.12-2-gc4ccff1/elf/dl-error.c
fn=(74) _dl_catch_error
160 56
+9 8
+2 8
cfi=(2) /usr/src/debug/glibc-2.12-2-gc4ccff1/elf/rtld.c
cfn=(76) _dl_initial_error_catch_tsd
calls=8 796 
* 16
* 8
+1 8
+2 16
-2 8
+2 8
cfi=(23) /usr/src/debug////////glibc-2.12-2-gc4ccff1/setjmp/../sysdeps/x86_64/setjmp.S
cfn=(78) __sigsetjmp
calls=8 26 
* 152
+1 8
-1 8
+1 8
+2 16
+1 8
-1 8
+1 8
cfi=(29) /usr/src/debug/glibc-2.12-2-gc4ccff1/elf/dl-deps.c
cfn=(112) openaux
calls=7 62 
* 15737
cfi=(2)
cfn=(80) map_doit
calls=1 628 
* 2187
+1 24
+1 8
+1 8
-1 8
+2 8
-1 8
+1 8
+10 32

fn=(132) _dl_receive_error
198 10
+1 1
cfi=(2)
cfn=(76)
calls=1 796 
* 2
+5 1
-1 1
-4 1
+9 1
+2 1
-3 1
+3 1
cfi=(2)
cfn=(134) version_check_doit
calls=1 660 
* 6216
+2 1
+1 1
+1 8

fl=(29)
fn=(112)
62 14
+7 7
-4 77
cfi=(18) /usr/src/debug/glibc-2.12-2-gc4ccff1/elf/dl-load.c
cfn=(82) _dl_map_object
calls=7 1984 
* 15618
* 7
+5 14

fn=(110) _dl_map_object_deps
149 1
+1 1
-1 2
+1 1
-1 2
+1 1
-1 1
+1 2
-1 4
+1 1
-1 1
+1 2
+16 1
-16 1
+14 1
+1 1
+1 1
+6 3
+10 1
-10 1
+10 1
-36 5
+20 1
-2 1
+19 1
-17 1
+6 1
-6 1
-2 1
+2 1
-2 1
+1 1
+1 1
+6 3
+10 1
-10 1
+10 5
+19 1
-15 1
+18 1
338 3
186 2
338 1
201 2
+2 1
+1 1
338 4
208 1
+5 1
+4 2
-9 5
+5 5
+4 10
+2 2
+3 12
+10 4
-8 4
+7 4
-7 4
+8 4
+3 4
-5 4
+1 4
-7 4
+5 4
+6 28
+50 14
+1 12
-51 388
+1 194
+6 35
cfi=(19) /usr/src/debug////////glibc-2.12-2-gc4ccff1/string/../sysdeps/x86_64/strchr.S
cfn=(60) index
calls=7 26 
* 229
* 21
+5 35
-3 7
+3 7
cfi=(22)
cfn=(74)
calls=7 -87 
* 16136
+2 21
+15 7
+2 14
+5 4
+6 4
+2 4
-8 8
+5 4
-2 4
+1 4
+2 4
+4 24
-59 8
+13 2
466 12
+2 12
+2 12
cfi=(13) /usr/src/debug/glibc-2.12-2-gc4ccff1/elf/dl-minimal.c
cfn=(32) malloc
calls=4 95 
* 116
* 4
+2 4
-2 4
+2 4
+4 16
-1 4
+2 4
-1 8
cfi=(14) /usr/src/debug////////glibc-2.12-2-gc4ccff1/string/../sysdeps/x86_64/memcpy.S
cfn=(38) memcpy
calls=4 56 
* 91
+1 16
cfi=(14)
cfn=(38)
calls=4 56 
* 91
+4 4
-1 4
+5 36
+2 6
+1 42
217 22
+1 5
-1 10
+2 28
488 3
+4 4
+1 2
+3 5
+11 4
cfi=(13)
cfn=(32)
calls=1 95 
* 29
* 1
+2 1
-2 1
+2 1
+5 2
+1 1
-1 1
+1 1
-1 1
+1 1
-1 1
+1 5
+8 5
+4 2
-10 3
+6 25
+4 10
-10 16
+13 2
+53 4
+43 1
-5 1
+6 2
-1 6
+1 3
cfi=(28) /usr/src/debug////////glibc-2.12-2-gc4ccff1/string/../sysdeps/x86_64/memset.S
cfn=(102) memset
calls=1 44 
* 19
* 1
+25 2
-25 1
+25 1
-25 1
+25 1
-21 2
+7 1
-6 2
+6 1
-7 8
+7 4
-6 8
+6 12
+2 16
+1 8
-1 24
+1 16
+3 39
-1 57
+23 10
-28 20
+31 19
+3 32
cfi=(28)
cfn=(102)
calls=4 44 
* 70
* 8
-45 8
+45 1
+7 2
+2 1
+1 1
-1 1
+9 2
+3 2
+3 8
288 360
619 8
cfi=(14)
cfn=(38)
calls=1 56 
* 47
+2 3

fl=(91) /usr/src/debug/glibc-2.12-2-gc4ccff1/elf/dl-fini.c
fn=(562) _dl_sort_fini
34 9
+2 1
-2 3
+2 1
+5 1
+1 1
-1 2
+1 1
+1 1
-1 5
+1 3
cfi=(28)
cfn=(102)
calls=1 +1 
* 19
+15 4
+24 4
+38 4
+3 32
cfi=(28)
cfn=(102)
calls=4 -79 
* 70
* 8
-80 4
+4 4
+1 4
-1 4
+1 4
+4 12
-5 1
+1 1
-1 1
+1 1
+4 13
+6 5
+1 14
+2 16
+1 8
-1 24
+1 16
+3 39
-1 57
+31 30
+21 10
-57 20
+61 16
+3 1
+4 8

fn=(560) _dl_fini
133 11
+22 9
+3 2
cfi=(2)
cfn=(42) rtld_lock_default_lock_recursive
calls=1 836 
* 2
+3 1
+3 2
+2 5
-2 2
+13 5
+16 4
+2 12
+4 12
+1 6
+5 6
-4 6
-2 6
-6 19
+19 4
cfn=(562)
calls=1 34 
* 482
+9 2
cfi=(2)
cfn=(44) rtld_lock_default_unlock_recursive
calls=1 842 
* 2
+4 6
+2 2
+2 3
-2 10
+2 15
+3 12
+3 18
+4 2
+7 10
+4 4
+2 3
+1 4
+1 4
cob=(3)
cfi=(49) /usr/src/debug/glibc-2.12-2-gc4ccff1/elf/soinit.c
cfn=(650) __libc_fini
calls=1 19 
* 6
-1 4
+5 15
+1 12
cob=(2)
cfi=(12)
cfn=(630) 0x00000035fe843fb8
calls=1 0 
* 1696
cob=(2)
cfi=(12)
cfn=(610) 0x00000035ffc21c28
calls=1 0 
* 1696
cob=(2)
cfi=(12)
cfn=(580) 0x00000000048017d8
calls=1 0 
* 1360
cob=(2)
cfi=(12)
cfn=(564) 0x0000000000402bb8
calls=1 0 
* 31
+5 30
-39 6
+55 6
-55 18
-70 2
+70 1
-70 1
285 6
+6 2
+7 8
-63 10
+4 8
-60 2
+3 8

fl=(14)
fn=(58) mempcpy
56 39
+4 39
+3 39
+1 39
+2 17
+1 17
+2 17
+1 17
+5 17
+1 17
-1 22
+1 22
+2 16
+1 16
+2 16
+1 16
+5 16
+1 16
-1 23
+1 23
+2 13
+1 13
+2 13
+1 13
+5 13
+1 13
-1 26
+1 26
+2 15
+1 15
+2 15
+1 30
+5 15
+1 15
-1 24
+1 36
+5 12
+1 12
+1 12
+1 12
+2 12
+2 12
+1 12
+2 12
+6 39
+4 39
+12 1
+2 1
+1 1
+26 1
+1 1
+3 1
+1 1
+1 1
+5 1
+2 1
+1 1
+1 1
+1 1
+2 1
+1 1
+1 1
+1 1
+2 1
+1 1
+2 1
+2 1
+2 1
+1 1
+1 1
+1 1
+2 1
+1 1
+1 1
+1 1
+2 1
+1 1
+2 2
+5 1
+2 1

fn=(38)
56 23
+2 23
+2 23
+3 22
+1 22
+2 6
+1 6
+2 6
+1 6
+5 6
+1 6
-1 16
+1 16
+2 5
+1 5
+2 5
+1 10
+5 5
+1 5
-1 17
+1 17
+2 1
+1 1
+2 1
+1 1
+5 1
+1 1
-1 21
+1 21
+2 11
+1 11
+2 11
+1 11
+5 11
+1 11
-1 11
+1 23
+5 12
+1 12
+1 12
+1 12
+2 12
+2 12
+1 12
+2 12
+8 22
+8 4
+6 4
+2 4
+1 4
+3 1
+1 2
+5 1
+1 1
+2 1
+2 1
+1 1
+2 1
-8 2
+1 2
+2 2
+2 2
+1 2
+2 3
+9 1
+1 1
-1 3
+1 3
+3 4
+1 4
+1 4
+5 4
+2 4
+1 4
+1 4
+1 4
+2 4
+1 4
+1 4
+1 4
+2 4
+1 4
+2 4
+2 3
+2 3
+1 3
+1 3
+1 3
+2 3
+1 3
+1 3
+1 3
+2 3
+1 3
+2 6
+5 3
+6 3
+1 3
-7 1
+6 1
+1 1
+2 1

fl=(6) /usr/src/debug/glibc-2.12-2-gc4ccff1/elf/../sysdeps/unix/sysv/linux/x86_64/brk.c
fn=(10) brk
29 1
+3 4
+2 2
-2 1
+2 1
+7 2

fl=(9) /usr/src/debug/glibc-2.12-2-gc4ccff1/elf/../misc/sbrk.c
fn=(16) sbrk
35 3
+8 1
-8 1
+8 5
+4 2
+11 5

fl=(27) /usr/src/debug////////glibc-2.12-2-gc4ccff1/misc/../sysdeps/unix/syscall-template.S
fn=(180) munmap
82 4
+1 1

fn=(100) mprotect
82 28
+1 7

fn=(98) mmap
82 65
+1 13

fl=(20) /usr/src/debug/glibc-2.12-2-gc4ccff1/elf/dl-debug.c
fn=(70) _dl_debug_state
77 2

fn=(66) _dl_debug_initialize
52 12
+5 6
-5 6
+5 12
+5 2
-1 1
+1 3
+1 2
+4 6
-10 12
+4 1
-1 1
+1 4

fl=(4) /usr/src/debug/glibc-2.12-2-gc4ccff1/elf/dl-lookup.c
fn=(158) do_lookup_x
83 2016
+1 224
-6 224
+5 672
-5 2016
+12 224
231 224
+3 224
+39 224
-42 224
+3 224
99 224
-3 224
+1 224
+2 224
+3 224
-3 224
+3 224
-3 669
-3 669
+1 669
+2 669
+3 669
-3 669
+3 669
+4 1816
+4 1780
+4 1780
+7 2670
+4 890
+1 890
227 890
125 1780
+1 1780
227 890
+1 1780
+4 456
+3 456
-3 912
+3 1368
+1 456
+3 912
-1 912
+1 456
-1 912
+21 253
+24 1352
470 2028
+1 410
-1 1140
+4 2047
+4 1792
288 1652
+4 473
+13 214
+1 214
-1 214
+1 642
+1 214
471 450
cfi=(24) /usr/src/debug/glibc-2.12-2-gc4ccff1/elf/dl-misc.c
cfn=(84) _dl_name_match_p
calls=90 301 
* 4329
-1 450
263 1736
+6 4340
+4 10472
cfn=(162) check_match.12439
calls=1309 133 
* 45502
+1 6545
-3 6490
-2 5156
-27 1308
+1 436
+2 1505
+10 570
-7 1985
+2 406
+1 203
-1 203
+1 812
-1 609
+1 812
cfn=(162)
calls=203 133 
* 21320
+1 2122
fi=(39) /usr/src/debug/glibc-2.12-2-gc4ccff1/elf/../sysdeps/generic/dl-hash.h
30 224
+2 896
+3 224
-1 224
+1 672
+2 672
+1 896
+2 672
+1 896
+2 672
+1 896
+2 860
+1 12078
+3 15244
+1 7622
+13 3811
+1 11433
-18 215
fe=(4)
264 448

fn=(156) _dl_lookup_symbol_x
724 672
485 224
724 1344
485 224
724 1120
485 1120
+1 448
-1 224
+1 672
-1 672
+1 9396
-1 4698
+1 14094
-1 14542
730 224
+9 224
-13 448
+1 448
+12 896
+6 2016
+8 20
-8 50
+2 3360
cfn=(158)
calls=224 83 
* 225594
+3 448
-5 224
+33 448
+23 642
+1 428
-1 856
+39 428
-3 428
+14 642
+3 642
1023 214
859 214
+1 214
+1 1792
-81 70
+17 20
+1 10
+54 2

fn=(6) _dl_setup_hash
873 18
+5 4
+3 8
+2 4
-1 4
+4 4
+4 8
-4 4
+1 8
+2 4
+1 4
+2 4
+2 12
-7 4
+7 8
+1 4
+3 6
+2 2
+2 2
+1 2
+1 2
+2 2
-4 2
+4 4

fn=(162)
133 9072
+1 3024
+2 3024
+2 2475
-2 1650
+12 2475
+3 1650
+5 214
-1 214
+1 214
-1 214
+1 214
+2 220
+19 220
+1 550
+1 110
-1 220
+1 330
cfi=(15) /usr/src/debug////////glibc-2.12-2-gc4ccff1/string/../sysdeps/x86_64/strcmp.S
cfn=(46) strcmp
calls=110 -44 
* 9488
-1 220
+46 10584
-73 3240
cfi=(15)
cfn=(46)
calls=648 -16 
* 8180
* 1944
+64 1222
-9 208
+2 208
+1 208
-1 832
-72 3024
+79 1374

fl=(21) /usr/src/debug/glibc-2.12-2-gc4ccff1/elf/dl-tls.c
fn=(130) _dl_next_tls_modid
57 3
+48 2
+4 1

fn=(172) _dl_add_to_slotinfo
843 6
+6 1
+3 2
+5 3
+42 1
-1 3
+1 2
+1 6

fn=(146) _dl_allocate_tls_storage
354 1
+13 1
-13 2
+2 1
+11 2
cfi=(13)
cfn=(36) __libc_memalign
calls=1 53 
* 50
* 1
+1 1
-1 1
+1 1
+7 1
+4 307
-58 1
+1 1
-1 1
+1 2
cfi=(13)
cfn=(28) calloc
calls=1 111 
* 39
* 1
+1 2
+3 1
+6 2
+64 5

fn=(68) _dl_count_modids
116 2
+1 3

fn=(144) _dl_determine_tlsoffset
138 1
+11 1
-11 3
+45 8
+5 2
+4 2
-4 3
+2 2
+2 3
+12 2
+4 5
+3 2
-1 2
+10 1
-37 2
+37 1
-37 3
+41 1
-1 1
+52 1
-51 1
+52 4
-52 3
+52 1

fn=(174) _dl_allocate_tls_init
402 7
+1 1
-1 1
+1 1
+4 1
+8 5
+5 6
+6 8
+27 3
+8 3
+1 3
+1 6
cfi=(14)
cfn=(58)
calls=1 56 
* 23
* 4
cfi=(28)
cfn=(102)
calls=1 44 
* 27
* 3
-43 3
+6 4
+3 1
+1 2
+7 1
+2 1
-2 2
+2 2
+38 1
+3 9

fl=(18)
fn=(62) fillin_rpath
387 16
+4 3
cfi=(13)
cfn=(64) strsep
calls=1 -66 
* 286
* 6
cfi=(13)
cfn=(64)
calls=2 -66 
* 244
* 9
+3 4
cfi=(8) /usr/src/debug////////glibc-2.12-2-gc4ccff1/string/../sysdeps/x86_64/rtld-strlen.S
cfn=(14) strlen
calls=2 29 
* 89
+4 2
-4 2
+4 2
+15 4
+29 21
+1 10
-38 8
+5 6
+51 6
+3 8
cfi=(13)
cfn=(32)
calls=2 95 
* 58
* 2
+3 2
-3 2
+3 2
+4 2
+2 6
-2 4
+2 2
cfi=(14)
cfn=(58)
calls=2 56 
* 58
* 2
+3 2
-2 4
+2 2
+1 1
+5 2
+1 1
-1 2
+1 2
-1 2
+1 1
-1 2
+1 26
+1 1
-1 3
+1 1
-1 20
-98 2
+98 3
+1 11
-1 6
+4 2
-1 4
+1 2
+7 4
+1 2
+3 6
+5 1
+3 9
-14 4
-9 3

fn=(54) _dl_init_paths
633 1
+15 2
-15 8
+15 3
cfi=(5) /usr/src/debug/glibc-2.12-2-gc4ccff1/elf/../elf/dl-sysdep.c
cfn=(56) _dl_important_hwcaps
calls=1 354 
* 328
+4 1
-4 1
+4 1
cfi=(13)
cfn=(32)
calls=1 95 
* 29
* 1
+2 1
-2 2
+2 1
+7 5
+4 4
cfi=(13)
cfn=(32)
calls=1 95 
* 29
* 1
* 1
+3 3
+29 1
-22 2
+22 3
-2 2
-21 1
+1 1
+22 3
-8 1
-4 1
-2 2
+11 1
-6 1
-3 1
+1 1
+3 1
+1 1
+4 1
-5 1
-4 1
-2 2
+11 1
-6 1
-3 1
+1 1
+3 1
+1 1
+4 27
+1 2
-1 6
+1 2
-1 24
+1 4
-1 12
+3 10
+7 1
+4 1
-5 1
+6 2
+4 3
+32 4
+8 3
cfi=(19)
cfn=(60)
calls=1 26 
* 43
* 2
+2 2
cfi=(8)
cfn=(14)
calls=1 29 
* 65
* 8
cfi=(14)
cfn=(38)
calls=1 56 
* 31
* 1
+17 6
+2 1
+1 2
+1 1
-4 3
+2 26
+1 52
+1 26
-4 79
+7 1
cfi=(13)
cfn=(32)
calls=1 95 
* 29
* 1
+2 1
-2 1
+2 1
+6 7
cfn=(62)
calls=1 387 
* 997
+4 3
+6 1
+4 8
-72 1
-2 1
+2 2
+11 2

fn=(88) open_verify
1581 192
+36 16
-36 32
+36 62
+21 80
cfi=(25) /usr/src/debug////////glibc-2.12-2-gc4ccff1/io/../sysdeps/unix/syscall-template.S
cfn=(90) open
calls=16 82 
* 152
+1 16
-1 16
+1 16
+11 12
-1 4
+1 16
cfi=(25)
cfn=(92) read
calls=4 82 
* 20
* 8
+7 12
-7 4
+7 4
+16 50
+2 4
-2 56
+60 8
+5 8
+2 12
+6 8
+7 4
+1 4
+1 4
-2 16
+1 12
+16 16
+15 8
-15 168
+1 61
+4 15
+1 9
+14 21
+2 9
+5 2
+1 2
-13 69
+16 4
+6 2
-3 2
+1 2
+1 2
+1 4
+1 2
-1 4
-3 2
+1 2
+1 8
-2 2
+3 4
+14 144
-56 2
-92 12
cfi=(34) /usr/src/debug/glibc-2.12-2-gc4ccff1/string/../string/memcmp.c
cfn=(128) bcmp
calls=2 322 
* 178
* 8

fn=(86) expand_dynamic_string_token
317 8
+10 1
-10 1
+10 1
-10 1
+10 1
cfi=(19)
cfn=(60)
calls=1 26 
* 61
* 2
162 2
cfi=(8)
cfn=(14)
calls=1 29 
* 94
* 1
+1 2
cfi=(13)
cfn=(32)
calls=1 -68 
* 29
* 1
+2 2
+3 2
342 3
168 1
342 4
168 1
cfi=(14)
cfn=(38)
calls=1 56 
* 60

fn=(114) open_path
1835 24
+1 3
-1 15
+7 3
-7 3
+1 3
+6 6
+5 12
+52 6
-52 3
+52 3
-52 21
+75 9
-63 18
+7 24
cfi=(14)
cfn=(58)
calls=6 56 
* 174
+1 6
-1 6
+1 42
+20 16
-20 118
+3 48
+4 72
cfi=(14)
cfn=(58)
calls=12 56 
* 226
* 48
cfi=(14)
cfn=(58)
calls=12 56 
* 276
* 12
-1 12
+7 24
+3 84
cfn=(88)
calls=12 1581 
* 564
* 12
+2 36
+26 16
+2 12
+39 6
-41 6
+41 30
+7 6
-2 6
+2 30
-67 16
+1 48
+79 8
-80 16
+7 16
+3 8
-3 8
+3 24
cfi=(30) /usr/src/debug/glibc-2.12-2-gc4ccff1/io/../sysdeps/unix/sysv/linux/wordsize-64/xstat.c
cfn=(116) _xstat
calls=8 37 
* 98
-1 16
+1 4
-1 4
+3 12
+7 24
+65 27
-14 9
+10 6
-66 6

fn=(82)
1984 8
+11 8
-11 16
+11 8
-11 8
+11 8
-11 56
+11 8
-11 16
+11 16
+12 58
-12 87
+5 165
+3 99
cfi=(24)
cfn=(84)
calls=33 301 
* 1956
* 66
2269 72
2027 4
-1 8
+10 4
-1 8
+26 8
-2 4
+2 4
cfi=(19)
cfn=(60)
calls=4 26 
* 121
* 8
2198 2
+1 4
cfn=(86)
calls=1 317 
* 278
+2 1
-3 1
+3 1
+4 9
cfn=(88)
calls=1 1581 
* 162
+3 1
-3 1
+3 1
+11 12
+3 8
+44 4
+1 28
-1 4
+1 12
cfn=(94) _dl_map_object_from_fd
calls=4 836 
* 5945
* 8
2026 8
+39 6
cfi=(8)
cfn=(14)
calls=3 29 
* 159
* 3
+2 3
-2 3
+2 3
+7 12
+35 9
+1 45
cfn=(114)
calls=3 1835 
* 2391
+6 3
-6 3
+6 3
+76 6
-76 6
610 9
2123 12
+6 6
cfi=(31) /usr/src/debug/glibc-2.12-2-gc4ccff1/elf/dl-cache.c
cfn=(118) _dl_load_cache_lookup
calls=3 186 
* 4167
+2 3
-2 3
+2 3
+4 9
+9 6
+28 27
cfn=(88)
calls=3 1581 
* 886
+3 3
-3 3
+3 3
+1 6
-93 3
-5 6
+5 3
+3 6
-3 3
+3 6
-3 3
+3 30
-3 9
610 9
2084 9
+14 15
+2 9
-2 6
610 9
2008 29
-1 58
+4 15
+2 15
-2 30
+2 45
cfi=(15)
cfn=(46)
calls=15 135 
* 315
* 45

fn=(94)
836 48
+11 4
-11 4
+11 4
-11 4
+11 4
cfi=(20)
cfn=(66)
calls=4 52 
* 36
+4 12
-4 4
+4 4
cfi=(26) /usr/src/debug/glibc-2.12-2-gc4ccff1/io/../sysdeps/unix/sysv/linux/wordsize-64/fxstat.c
cfn=(96) _fxstat
calls=4 37 
* 40
* 8
+11 28
+1 12
-1 42
+1 56
+17 8
+25 8
+10 8
+22 20
+35 28
cfi=(11) /usr/src/debug/glibc-2.12-2-gc4ccff1/elf/dl-object.c
cfn=(24) _dl_new_object
calls=4 62 
* 1850
+1 4
-1 4
+1 4
-54 4
+65 4
-65 4
+65 4
+1 4
+4 4
-4 4
+1 8
+2 16
+1 12
+1 8
+22 4
+8 4
-25 4
+17 4
+8 8
-8 16
+8 8
-8 4
+8 8
-8 4
+8 8
+99 8
-47 4
+47 12
-47 4
+47 12
-98 52
+6 12
+1 16
-8 240
+1 164
+70 3
+4 1
+1 2
+1 3
+4 2
+3 2
+7 2
-3 2
+6 1
cfi=(21)
cfn=(130)
calls=1 57 
* 6
* 3
+1 1
+58 6
+1 6
-5 8
+1 4
1038 40
+6 16
+1 8
-1 32
+7 24
+11 8
+1 8
-1 8
+1 8
-1 16
+1 8
+1 56
+2 24
+1 24
+1 24
+4 8
-4 8
+4 20
+5 36
+11 4
-11 36
+11 4
-56 6
+1 2
+67 4
+78 16
985 4
1191 8
985 4
1191 16
+2 4
-2 4
+2 4
+19 32
cfi=(27)
cfn=(98)
calls=4 82 
* 24
+4 4
-4 4
+4 8
+7 12
+1 4
+2 4
-2 4
+2 4
+10 8
+35 24
+3 8
+7 32
+6 4
+2 4
-2 4
+1 4
+2 8
-1 16
+8 8
+3 8
+11 32
cfi=(28)
cfn=(102)
calls=4 44 
* 332
+1 24
+5 8
+15 8
-73 40
+4 8
-2 8
+2 40
cfi=(27)
cfn=(98)
calls=4 82 
* 24
-2 8
+11 8
+2 4
-2 4
+2 4
+2 6
-2 6
+2 4
+1 2
-1 4
+1 8
-3 4
+5 8
+57 4
-77 4
+77 8
+9 4
fi=(3) /usr/src/debug/glibc-2.12-2-gc4ccff1/elf/dynamic-link.h
113 4
fe=(18)
1345 4
fi=(3)
113 4
+6 4
-2 4
+2 8
+7 4
+5 4
+3 4
+1 4
-3 4
-5 8
-1 112
+1 57
+10 19
-18 57
+18 9
-18 27
+2 186
+8 65
+8 65
-18 195
+25 12
+20 4
+1 4
+1 4
+1 4
+2 4
+5 4
+1 3
+1 3
+35 12
+5 1
+2 1
-2 2
+2 1
+2 2
+2 2
+1 1
+2 12
+2 4
+2 4
+1 1
+2 8
fe=(18)
1351 12
+16 12
+19 8
+2 20
+51 12
+1 2
+3 2
cfi=(25)
cfn=(106) close
calls=1 82 
* 5
* 6
cfi=(25)
cfn=(106)
calls=3 82 
* 15
* 8
+8 8
+3 8
+2 4
-2 4
+2 4
+16 8
cfi=(4)
cfn=(6)
calls=4 873 
* 86
+4 16
+18 8
+4 4
+5 4
-5 4
+1 8
+4 4
+6 12
cfi=(11)
cfn=(40) _dl_add_to_namespace_list
calls=4 33 
* 184
+5 4
-1 8
+20 36
1232 28
cfi=(27)
cfn=(100)
calls=4 82 
* 20
* 4
1495 2
1321 8
cfi=(27)
cfn=(98)
calls=1 82 
* 6
+3 2
fi=(3)
128 36
+3 36
+1 24
+2 12
+1 12
fe=(18)

fl=(15)
fn=(46)
135 1092
+1 1092
+1 1092
+1 425
+1 425
+1 425
+1 425
cfn=(47) strcmp'2
calls=425 -6 
* 15500
+5 667
+1 667
+1 667
+1 667

fn=(47)
135 2166
+1 2166
+1 2166
+1 1910
+1 1910
+1 1910
+1 1910
cfn=(47)
calls=1741 -6 
* 67461
+2 169
+1 169
+2 256
+1 256
+1 256
+1 256

fl=(23)
fn=(78)
26 8
+2 8
+1 16
+1 8
+4 8
+1 8
+1 8
+1 8
+1 8
+2 16
+2 8
+1 8
+2 16
+2 8
+4 8
+1 8

fl=(17) /usr/src/debug////////glibc-2.12-2-gc4ccff1/posix/../sysdeps/unix/syscall-template.S
fn=(52) uname
82 4
+1 1

fl=(28)
fn=(102)
44 15
+1 15
+1 15
+4 15
+1 15
+1 15
+1 15
+2 15
+1 15
+2 13
+5 13
+1 13
+1 13
+1 13
+1 13
326 1
+1 1
+1 1
+1 1
+1 1
+1 1
+1 1
+1 1
+1 1
+1 1
+1 1
+1 1
+1 1
+1 1
+1 1
-11 1
+1 1
+1 1
+1 1
+1 1
+1 1
+1 1
+1 1
+1 1
+1 1
+1 1
+1 1
-8 1
+1 1
+1 1
+1 1
+1 1
+1 1
+1 1
+1 1
+1 1
-3 2
+1 2
+1 2
+1 2
-2 3
+1 3
+1 3
-1 2
+1 2
+67 1
+1 1
+1 1
+1 1
+1 1
+1 1
+1 1
+1 1
+1 1
+1 1
+1 1
-2 2
+1 2
+1 2
-1 2
+1 2
+87 2
+1 2
+1 2
+1 2
+1 2
+1 2
+1 2
+5 2
+1 2
+1 2
+1 2
+1 2
+36 1
+1 1
+37 2
1214 2
+1 4
+4 2
+1 2
+1 4
+5 2
+2 2
+1 2
+1 2
+1 2
+1 2
+1 2
+1 2
+1 2
+1 2
+1 2
+1 2
+1 2
+1 2
+1 2
+1 2
+1 2
+2 2
+2 2
-21 8
+2 8
+1 8
+1 8
+1 8
+1 8
+1 8
+1 8
+1 8
+1 8
+1 8
+1 8
+1 8
+1 8
+1 8
+1 8
+1 8
+2 8
+2 8
+3 2
+1 2
+6 2
+1 2
+1 2
+1 2
+1 2

fl=(16) /usr/src/debug/glibc-2.12-2-gc4ccff1/elf/../sysdeps/unix/sysv/linux/dl-sysdep.c
fn=(50) _dl_discover_osversion
67 4
+2 3
+85 5
-45 3
cfi=(17)
cfn=(52)
calls=1 -27 
* 5
* 3
+12 2
+10 12
+4 3
-2 9
+2 10
+3 4
-3 4
+7 3
-1 3
+2 3
+2 14
+5 2

fl=(30)
fn=(116)
37 8
-1 8
+1 8
+1 48
+4 2
-4 24

fl=(5)
fn=(8) _dl_sysdep_start
89 8
+25 1
-1 1
+1 179
+3 1
-3 1
+6 2
-2 1
-1 1
+3 1
-6 1
+6 4
+1 1
-1 7
+1 102
+3 2
-4 49
fi=(16)
-84 2
cfi=(6)
cfn=(10)
calls=1 -7 
* 11
fi=(7) /usr/src/debug/glibc-2.12-2-gc4ccff1/elf/../sysdeps/x86_64/dl-machine.h
226 5
fe=(5)
+3 2
cfi=(9)
cfn=(16)
calls=1 35 
* 17
* 3
+12 3
+3 5
cfi=(2)
cfn=(18) dl_main
calls=1 888 
* 330549
+2 9
-67 1
-59 4
+34 1
-34 4
+43 1
-43 4
+40 1
-40 4
+37 1
-37 5
+13 1
-13 4
+10 1
-10 4
+7 1
-7 4
227 1
cfi=(8)
cfn=(14)
calls=1 29 
* 42
* 2

fn=(56)
354 6
+3 1
-3 2
+3 1
-1 1
+1 1
+9 1
-12 4
+12 1
+10 3
+75 2
+8 2
+2 1
+1 1
-1 2
+1 3
+11 1
-7 2
+1 1
-1 1
+7 1
+4 6
+1 2
+18 11
+1 3
cfi=(13)
cfn=(32)
calls=1 95 
* 29
* 1
+1 1
-1 1
+1 1
+4 2
+22 3
+3 1
-3 3
+3 1
+28 2
-7 1
+7 4
+1 1
-1 1
+1 1
-1 1
+1 1
-1 1
+1 3
-1 3
+1 3
-1 3
+1 3
-1 5
+5 2
-5 3
+5 3
+3 1
-3 1
+3 1
-3 3
+3 1
-3 1
+3 7
+2 16
-2 4
+1 12
-1 2
+1 12
-1 10
+4 4
+3 1
+2 2
-1 1
-1 2
+2 3
+13 11
+1 1
+2 2
-3 3
+1 1
+2 2
+3 3
+3 9
418 1
+3 1
-3 1
+3 8
529 5
cfi=(14)
cfn=(58)
calls=1 56 
* 22
* 1
+1 1
-1 1
+1 2
cfi=(14)
cfn=(58)
calls=1 56 
* 22
* 3

fn=(176) _dl_sysdep_start_cleanup
252 1

fl=(2)
fn=(2) _dl_start
365 9
+18 4
fi=(7)
76 2
fe=(2)
383 1
+29 2
-3 1
fi=(3)
119 1
fe=(2)
412 1
fi=(3)
119 2
+3 1
+4 1
+5 1
+3 1
+1 1
-3 1
-5 2
-5 14
+15 14
-18 42
+18 3
-18 9
+2 44
+5 32
+1 15
+10 5
-18 16
+25 2
fe=(2)
547 1
288 68
+12 2
cfi=(4)
cfn=(6)
calls=1 873 
* 24
+1 1
+1 1
+1 1
-2 1
+3 1
-2 1
+1 1
+1 1
+21 1
+10 1
-10 3
+10 1
-6 1
-4 1
+10 1
cfi=(5)
cfn=(8)
calls=1 89 
* 331054
* 1
+9 1
+7 1
-4 1
+4 1
572 9
fi=(3)
128 12
+3 12
+1 8
+2 4
+1 4
fe=(2)
540 2

fn=(76)
796 18

fn=(134)
660 2
+3 4
cfi=(35) /usr/src/debug/glibc-2.12-2-gc4ccff1/elf/dl-version.c
cfn=(136) _dl_check_all_versions
calls=1 387 
* 6206
-1 2
+4 2

fn=(18)
888 1
+19 1
-19 5
+22 1
-22 2
+32 1
-32 4
+27 1
-1 1
+6 1
+3 1
-16 1
+3 1
+4 1
+1 1
+8 1
cfn=(20) process_envvars
calls=1 2532 
* 604
+7 3
1109 5
+9 1
-9 2
cfi=(11)
cfn=(24)
calls=1 62 
* 250
+4 1
-4 1
+3 1
+6 2
-5 1
+1 2
+4 1
cfi=(11)
cfn=(40)
calls=1 33 
* 31
* 1
+30 1
-3 1
+3 1
-8 1
+1 1
+2 1
+5 5
+1 24
-1 24
+1 39
+91 2
+1 1
-88 3
+1 1
+49 2
+1 2
-1 8
+2 4
+1 2
+3 2
+1 2
-1 2
+1 2
+1 2
+1 6
+1 2
-43 1
-3 2
+3 1
+7 2
-10 1
+10 1
+68 2
-87 3
+1 1
+92 3
+3 2
+2 2
+2 3
+13 3
+1 6
cfi=(15)
cfn=(46)
calls=1 135 
* 7
-1 2
+12 2
-4 1
-2 1
+3 1
+3 1
+6 2
fi=(3)
104 1
+9 2
+6 1
-2 1
+2 2
+7 1
+5 1
+3 1
+1 1
-3 1
-5 2
-1 12
+1 9
+10 3
-18 9
+2 42
+8 18
+8 18
-18 54
+25 3
+67 3
+14 3
+7 2
fe=(2)
1294 2
cfi=(4)
cfn=(6)
calls=1 873 
* 14
+3 2
+20 4
+92 1
cfi=(16)
cfn=(50)
calls=1 67 
* 92
* 8
+5 2
cfi=(18)
cfn=(54)
calls=1 633 
* 1962
+3 3
cfi=(20)
cfn=(66)
calls=1 52 
* 23
+7 1
-7 1
+2 1
+5 1
+4 1
+3 1
-2 1
+3 1
-2 1
-2 2
+9 1
-9 1
+1 1
+8 1
+5 1
+4 1
-3 2
+3 1
+4 1
-5 1
+5 2
+1 2
+1 1
-1 2
+1 3
+2 2
+1 2
+5 2
+5 4
1642 1
cfi=(21)
cfn=(68)
calls=1 116 
* 5
* 1
+8 3
+3 2
+4 3
+5 2
+1 1
cfi=(20)
cfn=(70)
calls=1 77 
* 1
+1 1
+4 3
+19 4
+31 3
cfi=(25)
cfn=(108) access
calls=1 82 
* 11
* 2
+77 5
+17 1
+1 2
-1 1
+1 2
-1 1
+1 3
cfi=(29)
cfn=(110)
calls=1 149 
* 18895
+1 1
+2 5
+3 1
-3 2
+3 1
-3 1
+3 1
-3 1
+3 1
+1 5
-1 2
+1 20
-1 11
+4 3
+1 3
+1 1
+2 2
+1 27
-1 12
+1 2
+13 1
-1 2
+1 1
+2 4
+5 1
-5 1
+4 2
+12 1
+3 1
+1 1
-1 1
+1 3
+11 2
+2 3
-2 2
+1 4
+1 1
cfi=(22)
cfn=(132)
calls=1 198 
* 6246
+10 1
+1 1
-1 1
+1 1
+3 2
851 1
fi=(36) /usr/src/debug/glibc-2.12-2-gc4ccff1/elf/../sysdeps/unix/sysv/linux/dl-osinfo.h
70 2
+48 2
fe=(2)
853 1
+6 2
fi=(36)
127 2
+11 2
fe=(2)
864 1
+2 1
+6 1
1895 2
2121 3
+56 2
+4 4
+4 2
+48 2
+7 1
-7 1
+7 1
+3 25
+3 3
+6 2
+2 2
-2 10
+2 10
+7 6
-2 6
+2 12
+1 35
cfi=(37) /usr/src/debug/glibc-2.12-2-gc4ccff1/elf/dl-reloc.c
cfn=(150) _dl_relocate_object
calls=5 158 
* 286925
+4 14
+1 2
cfi=(21)
cfn=(172)
calls=1 843 
* 24
+2 6
+2 12
+1 1
+2 7
+6 1
-6 1
+6 1
+9 4
+2 1
+5 2
cfi=(21)
cfn=(174)
calls=1 402 
* 128
+4 2
+11 4
+29 1
cfi=(5)
cfn=(176)
calls=1 252 
* 1
+4 3
+20 3
cfi=(20)
cfn=(66)
calls=1 52 
* 9
+1 1
-1 1
+2 1
cfi=(20)
cfn=(70)
calls=1 77 
* 1
+1 1
+4 1
cfi=(31)
cfn=(178) _dl_unload_cache
calls=1 316 
* 15
+5 8
-50 1
+2 1
+1 1
-3 1
+3 3
-3 1
+3 1
cfi=(37)
cfn=(150)
calls=1 158 
* 10057
+1 1
+2 10
1438 4
-11 4
1799 9
+4 3
+1 1
+1 3
2256 1
+1 1
-3 2
1694 78
cfi=(14)
cfn=(38)
calls=1 56 
* 63
* 1
+3 4
+3 3
cfi=(13)
cfn=(64)
calls=1 325 
* 1266
* 3
cfi=(13)
cfn=(64)
calls=1 325 
* 4
* 6
+1 4
+3 4
cfn=(72) do_preload
calls=1 802 
* 2271
* 2
+2 1
+2 12
1888 1
cfn=(142) init_tls
calls=1 782 
* 590
* 2

fn=(20)
2532 1
+8 2
-8 4
+23 1
-23 4
+8 1
-8 1
+8 2
-7 1
+6 2
fi=(95) /usr/src/debug/glibc-2.12-2-gc4ccff1/elf/../sysdeps/unix/sysv/linux/dl-librecon.h
32 1
fe=(2)
2539 1
-6 1
fi=(95)
32 2
fe=(2)
2542 2
cfi=(10)
cfn=(22)
calls=1 31 
* 28
* 4
cfi=(10)
cfn=(22)
calls=2 31 
* 348
* 9
+4 6
-4 2
+4 38
+1 19
-1 57
+9 12
2704 1
-4 1
+4 1
-4 1
+4 1
+30 2
+21 8
2629 17
-53 5
+7 12
+2 2
+1 1
+45 2
+1 1

fn=(42)
836 7
+1 7

fn=(44)
842 7
+1 7

fn=(72)
802 6
+6 1
+1 1
+5 5
-10 1
+6 1
+2 1
+2 1
cfi=(22)
cfn=(74)
calls=1 160 
* 2244
+1 2
+2 3
+12 5

fn=(80)
628 2
+2 7
cfi=(18)
cfn=(82)
calls=1 1984 
* 2175
* 1
+2 2

fn=(142)
782 1
-56 1
-4 1
-2 1
+2 1
+4 1
+60 3
-54 1
+3 4
cfi=(13)
cfn=(28)
calls=1 111 
* 39
* 1
+14 1
-14 1
+7 1
+1 1
+6 3
+2 12
+4 1
+2 1
-2 2
-5 1
-1 2
+1 5
-1 10
+13 1
cfi=(21)
cfn=(144)
calls=1 138 
* 55
+7 1
cfi=(21)
cfn=(146)
calls=1 354 
* 424
+1 1
-1 1
+1 1
+6 1
+4 1
-4 1
+4 6
+3 1
+2 1

fl=(56) /usr/src/debug/glibc-2.12-2-gc4ccff1/elf/../elf/dl-runtime.c
fn=(284) _dl_fixup
73 13
+6 26
-6 13
+6 13
-6 39
+6 13
+1 13
-4 13
+5 13
-2 13
-3 13
+4 13
+1 13
-1 52
+10 26
+4 39
+5 72
+1 36
+8 52
+7 26
+3 130
cfi=(4)
cfn=(156)
calls=13 724 
* 17841
* 13
+4 39
+4 52
+6 91
+8 13
+7 52
+4 39
fi=(7)
+85 13
fe=(56)
-81 78
-55 2

fl=(31)
fn=(122) _dl_cache_libcmp
170 78
-29 52
+2 78
+20 78
+2 52
+4 26
+1 52
cfn=(123) _dl_cache_libcmp'2
calls=26 * 
* 2055

fn=(123)
170 366
-29 252
+2 366
+2 12
+6 8
+1 4
-1 4
+2 4
-1 8
+1 12
+1 4
-1 4
+2 5
+1 4
-1 16
+2 8
+6 354
+2 236
+4 96
+1 192
cfn=(123)
calls=96 * 
* 5547
+3 8
+1 4
-8 88

fn=(118)
186 27
+8 6
+3 9
+45 6
+6 9
+16 9
+12 3
-20 3
+8 3
+12 3
-12 3
+12 6
-20 3
+20 9
-20 3
+20 415
cfn=(122)
calls=22 170 
* 2036
* 118
-76 4
cfi=(24)
cfn=(120) _dl_sysdep_read_whole_file
calls=1 44 
* 68
+8 2
+1 1
-1 2
+1 3
-1 13
+8 1
-3 1
+3 3
+3 1
+1 2
-1 1
+1 1
+2 2
-2 22
+56 50
cfn=(122)
calls=1 170 
* 81
* 18
cfn=(122)
calls=3 170 
* 354
* 109
+16 12
+4 6
+8 6
cfi=(8)
cfn=(14)
calls=3 29 
* 150
* 3
+1 3
-1 12
+1 6
cfi=(32) /usr/src/debug////////glibc-2.12-2-gc4ccff1/string/../sysdeps/x86_64/strcpy.S
cfn=(124) strcpy
calls=3 32 
* 181
+1 6
cfi=(33) /usr/src/debug/glibc-2.12-2-gc4ccff1/string/strdup.c
cfn=(126) strdup
calls=3 41 
* 348
+1 24

fn=(178)
316 1
+1 4
+2 2
cfi=(27)
cfn=(180)
calls=1 82 
* 5
+1 1
+2 2

fl=(13)
fn=(32)
95 31
+1 62
cfn=(36)
calls=31 -43 
* 831
* 31

fn=(28)
111 12
-3 12
+3 24
-3 12
+3 24
+4 24
cfn=(32)
calls=12 -20 
* 404
* 12

fn=(36)
53 128
+1 127
+11 93
+3 31
-3 31
+3 62
-3 3
+3 1
-3 1
+3 118
+4 12
+1 9
+6 21
cfi=(27)
cfn=(98)
calls=3 +3 
* 18
+2 6
+3 6
+1 6
-1 3
+1 6
+3 3
+1 3
+2 12
-3 29
+1 29
+2 116
-31 2
-1 5

fn=(64)
325 5
+1 10
+4 27
+5 6
-5 270
+5 364
+2 736
+8 92
-15 278
+18 2
+4 4
-13 2
+2 2
+7 1
+4 1

fl=(25)
fn=(92)
82 16
+1 4

fn=(106)
82 20
+1 5

fn=(90)
82 68
+1 17
+1 72

fn=(108)
82 4
+1 1
+1 6

fl=(35)
fn=(138) _dl_check_map_versions
180 54
+15 6
-15 12
+15 12
+2 6
+3 6
-3 6
+2 6
+1 6
+2 6
-3 6
+3 6
+3 12
+4 4
-4 4
+4 8
+10 16
+7 4
62 4
226 8
62 24
226 1
62 1
226 2
62 16
+1 20
-1 40
+2 75
cfi=(24)
cfn=(84)
calls=25 301 
* 1545
* 50
234 15
+5 20
+20 16
-16 112
cfn=(140) match_symbol
calls=1 82 
* 138
* 72
cfn=(140)
calls=12 82 
* 2183
* 65
+11 39
+9 20
+5 3
+1 1
69 4
277 12
+3 12
+10 44
-10 88
+6 66
-6 12
+6 9
+8 12
+87 54
-81 5
-1 15
cfi=(13)
cfn=(28)
calls=5 111 
* 195
* 5
+2 5
-2 5
+2 5
+11 5
+2 5
-5 5
+3 10
+2 5
+3 20
+4 15
+18 24
-15 16
+2 24
-2 10
+2 15
+2 78
+1 39
+1 39
+1 39
+3 39
+8 15
+5 3
+1 1
+4 10
+3 15
+20 44
-14 22
-2 22
+2 25
-2 3
+2 3
+5 44
+1 22
-1 110
+1 22
+1 22
-1 44
+4 78
269 6

fn=(136)
387 5
+4 1
-4 1
+4 1
-4 1
+4 3
+1 18
-1 6
+1 6
-1 12
+5 7
-3 24
cfn=(138)
calls=6 180 
* 6097
-1 24

fn=(140)
82 130
+9 13
-8 13
-1 39
+1 13
+8 13
+6 39
+18 26
+5 26
+14 180
+12 231
+4 154
-30 154
+19 78
cfi=(15)
cfn=(46)
calls=13 -4 
* 1069
* 39
+34 13
+1 91

fl=(37)
fn=(150)
158 36
+10 12
-10 18
+14 6
-14 12
+14 6
+1 30
+6 12
+6 18
+4 12
+8 18
+45 6
fi=(7)
96 12
fe=(37)
242 12
fi=(7)
96 6
+39 6
fe=(37)
268 156
fi=(38) /usr/src/debug/glibc-2.12-2-gc4ccff1/elf/do-rel.h
57 4
+1 4
+1 4
fe=(37)
268 4
156 4
fi=(38)
-91 4
fe=(37)
+91 4
fi=(7)
295 4
fe=(37)
-27 4
fi=(7)
+27 4
fi=(38)
65 4
fe=(37)
268 2
fi=(38)
57 2
+1 2
+1 2
fe=(37)
268 2
156 2
fi=(38)
-91 2
fe=(37)
+91 2
fi=(7)
295 2
fe=(37)
-27 2
fi=(7)
+27 2
fi=(38)
65 2
+3 16
fi=(7)
476 4
-1 8
+4 8
-3 243
-1 486
+4 486
+2 741
+1 19
fi=(38)
68 741
fe=(37)
268 42
fi=(38)
59 6
fe=(37)
268 36
fi=(38)
65 6
fe=(37)
268 6
fi=(38)
57 6
+1 6
+7 6
+10 6
+2 6
-2 12
+1 6
+1 52
+14 5
-12 5
+12 11
-12 1
+12 2
+10 18
+10 15
+4 5
+2 5
-2 5
+2 5
fi=(7)
296 15
fi=(38)
119 10
+1 5
+2 10
-2 5
-1 5
fi=(7)
267 5
fi=(38)
119 5
fi=(7)
270 5
fi=(38)
119 5
+1 15
fi=(7)
270 5
fi=(38)
119 434
+1 217
+2 434
-2 217
-1 217
fi=(7)
267 217
fi=(38)
119 217
fi=(7)
270 217
fi=(38)
119 217
+1 651
fi=(7)
270 217
+18 444
+7 5117
fi=(38)
120 386
fi=(7)
295 579
fi=(38)
120 193
fi=(7)
295 811
fi=(38)
120 26
fi=(7)
295 39
fi=(38)
120 13
fi=(7)
295 2524
cfi=(4)
cfn=(156)
calls=206 724 
* 266352
* 824
+1 666
+4 216
-4 432
+4 216
-1 432
+10 444
fe=(37)
-38 18
+28 6
+3 12
+13 12
+1 6
cfn=(170) _dl_protect_relro
calls=3 +8 
* 72
* 3
+1 48
fi=(7)
135 8
-39 8
+6 8
+4 12
+13 4
-8 4
+8 8
+13 4
+3 4
-3 4
+3 12
fe=(37)
+50 18
+83 18
fi=(38)
117 10
fi=(7)
309 888
+85 206
fi=(38)
117 412
fi=(7)
394 206
fi=(38)
117 210
fi=(7)
377 30
+4 30
+5 20
fi=(38)
117 10
fi=(7)
386 20
fi=(38)
117 20
fi=(7)
327 2
+1 1
fi=(38)
117 1
fi=(7)
328 1
fi=(38)
117 2
fi=(7)
448 4
fi=(38)
117 2
fi=(7)
448 2
cob=(3)
cfi=(40) /usr/src/debug////////glibc-2.12-2-gc4ccff1/string/../sysdeps/x86_64/multiarch/strcmp.S
cfn=(168) strncasecmp
calls=1 124 
* 6
cob=(3)
cfi=(40)
cfn=(164) strcasecmp
calls=1 106 
* 64
+1 2
fi=(38)
117 4
fi=(7)
430 9
+4 15
cfi=(14)
cfn=(38)
calls=3 56 
* 54
+2 15
295 26
fi=(38)
104 5
fi=(7)
467 3
fi=(38)
104 2
fi=(7)
467 1
fi=(38)
104 1
+7 3
+16 5
+1 2
+1 2
-1 1
fi=(7)
267 1
fi=(38)
128 1
fi=(7)
270 1
fi=(38)
128 3
fi=(7)
270 1
fi=(38)
128 8
+1 8
-1 4
fi=(7)
267 4
fi=(38)
128 4
fi=(7)
270 4
fi=(38)
128 12
fi=(7)
270 4
+18 10
+7 195
cfi=(4)
cfn=(156)
calls=5 724 
* 6259
* 20
+1 15
+4 1
-4 2
+4 1
-1 2
+10 30
108 4
+1 6
394 15
fi=(38)
127 16
fi=(7)
484 1140
295 95
fe=(37)

fn=(170)
324 3
-2 6
+1 6
+1 9
+2 6
+2 6
+1 9
cfi=(27)
cfn=(100)
calls=3 82 
* 15
-1 6
+7 6

fl=(1) ???
fn=(0) 0x00000035fe000b00
0 2
cfi=(2)
cfn=(2)
calls=1 365 
0 331449
0 14
cfi=(42)
cfn=(184)
calls=1 93 
0 2433
0 3
cob=(7) /h/btanen01/Desktop/comp40/hw6/um/um
cfi=(54) ???
cfn=(274) 0x0000000000400b20
calls=1 0 
0 2939229940

fl=(32)
fn=(124)
32 3
+1 3
+1 3
+2 3
+2 2
+1 2
+3 2
+1 2
+1 2
+1 2
-3 1
+1 1
+1 1
+1 1
+1 3
+1 3
+1 3
+1 3
+3 3
+8 3
+1 3
+1 3
+1 3
+3 3
+1 3
+1 3
+1 3
+3 3
+2 3
+1 3
+3 3
+1 3
+1 3
+1 3
+3 3
+1 2
+1 2
+1 2
+3 2
+2 2
+1 2
+3 2
+1 2
+1 2
+1 2
+3 2
+1 2
+1 2
+1 2
+3 2
+2 1
+1 1
+3 1
+1 1
+1 1
+1 1
+3 1
+1 1
+1 1
+1 1
+3 1
+12 6
+1 6
+1 6
+1 4
+1 4
+1 4
+1 4
+1 3
+1 3
+1 3
+6 3
+2 3

fl=(26)
fn=(96)
37 5
-1 5
+1 5
+1 30
+4 5

fl=(33)
fn=(126)
41 12
+1 3
cfi=(8)
cfn=(14)
calls=3 -13 
* 117
* 3
+1 6
cfi=(13)
cfn=(32)
calls=3 +52 
* 87
* 3
+2 6
+3 6
+1 6
-1 3
+1 3
-1 3
cfi=(14)
cfn=(38)
calls=3 +8 
* 90

fl=(8)
fn=(14)
29 23
+1 23
+1 23
+1 23
+2 10
+1 10
+2 10
+1 10
-1 27
+1 27
+1 36
+1 36
+1 36
+2 44
+5 22
+1 22
+1 22
+1 22
+3 22
-6 6
+1 6
+1 6
+1 6
+3 6
+1 24
+1 24
+1 24
+2 24
+3 22
+1 22
+1 22
+1 22
+3 22
+1 20
+1 20
+1 20
+2 20
+3 15
+1 15
+1 15
+1 15
+3 15
+1 11
+1 11
+1 11
+2 11
+3 10
+1 10
+1 10
+1 10
+3 10
+1 8
+1 8
+1 8
+2 10
+3 2
+2 2
+1 2
-3 20
+2 20
+1 20
+1 13
+2 13
+1 13
+1 11
+2 11
+1 11
+1 6
+2 6
+1 6
+1 2
+2 2
+2 2
+1 2
+1 2
+2 2
+1 2
+1 2
+2 2
+1 2
+1 1
+2 1
+1 1
-1 22
+1 22

fl=(19)
fn=(60)
26 13
+1 13
+1 13
+1 13
+1 13
+1 13
+1 13
+1 13
+1 13
+1 13
+1 13
+1 13
+1 13
+1 13
+1 13
+1 13
+1 13
+1 13
+1 13
+1 13
+1 13
+2 14
+1 14
+1 14
+1 14
+1 14
+1 14
+1 14
+1 14
+1 14
+2 13
+1 13
+1 1
+1 1
+1 1
+1 1
+1 12
+1 13

fl=(34)
fn=(128)
322 2
+7 2
-7 10
+7 2
+34 4
+6 4
+1 4
-3 4
+2 56
+1 28
-3 14
-4 34
+13 14

fl=(11)
fn=(24)
62 45
+2 5
-2 20
+2 5
cfi=(8)
cfn=(14)
calls=5 -35 
* 263
+6 5
-6 5
+7 10
+6 20
cfi=(13)
cfn=(28)
calls=5 +34 
* 251
* 5
+3 5
-3 5
+3 10
+4 5
+5 5
-6 5
+4 5
+2 5
-5 5
+3 5
+2 10
cfi=(14)
cfn=(38)
calls=5 -33 
* 147
+2 5
-2 5
+5 5
-1 5
-2 5
+3 20
+3 5
-3 5
+3 5
+9 5
-7 5
+4 5
+3 5
-46 5
+48 2
-2 2
+2 30
-2 30
+18 10
-6 5
+6 5
-5 5
+5 5
-6 5
+6 20
+2 16
+3 11
+4 12
+4 24
+8 1
+6 1
-3 2
+3 6
-3 8
+3 8
+2 8
cfi=(8)
cfn=(14)
calls=4 29 
* 211
* 4
+4 4
-4 4
+4 4
+64 4
+7 45
70 10
+1 40
+66 4
-39 10
223 6
-86 1
-4 1
+4 2
+24 8
cfi=(13)
cfn=(32)
calls=4 -66 
* 116
* 4
+1 4
-1 4
+1 12
+45 12
cfi=(14)
cfn=(58)
calls=4 56 
* 147
* 4
+6 132
-1 66
+1 70
-1 4
+1 4
+2 8
+3 8

fn=(40)
33 20
+2 5
-2 5
+2 5
cfi=(2)
cfn=(42)
calls=5 836 
* 10
+2 34
+3 56
+2 4
+2 4
+4 4
+4 4
-4 8
+1 8
+3 4
-2 4
+3 12
-1 4
cfi=(2)
cfn=(44)
calls=4 842 
* 8
-4 1
+4 1
-4 2
+1 2
+3 1
-2 1
+3 3
-1 1
cfi=(2)
cfn=(44)
calls=1 842 
* 2
-5 2

fl=(24)
fn=(84)
301 740
+1 296
cfi=(15)
cfn=(46)
calls=148 135 
* 1043
* 296
+3 148
+2 296
+4 148
-4 296
+1 471
cfi=(15)
cfn=(46)
calls=157 135 
* 3042
* 314
+6 9
-7 9
+7 166
-7 139
+7 417

fn=(120)
44 2
+3 1
-3 4
+3 1
-3 1
+3 1
cfi=(25)
cfn=(90)
calls=1 +35 
* 5
+1 1
-1 1
+1 2
+2 4
cfi=(26)
cfn=(96)
calls=1 -13 
* 10
* 2
+2 1
+3 1
-3 1
+3 1
+13 2
cfi=(25)
cfn=(106)
calls=1 +14 
* 5
+3 7
-14 7
cfi=(27)
cfn=(98)
calls=1 +25 
* 6
* 2

fl=(55)
fn=(282)
30 13
+2 13
+1 13
+1 13
+1 13
+1 13
+1 13
+1 13
+1 13
+1 13
+1 13
cfi=(56)
cfn=(284)
calls=13 +32 
* 18874
+1 13
+1 13
+1 13
+1 13
+1 13
+1 13
+1 13
+1 13
+1 13
+2 13

ob=(3)
fl=(49)
fn=(220) __libc_global_ctors
19 1
+7 1
-7 5
+1 1
cfi=(50) /usr/src/debug/glibc-2.12-2-gc4ccff1/string/../sysdeps/x86_64/cacheinfo.c
cfn=(222) init_cacheinfo
calls=1 538 
* 1996
-1 3
+10 2

fn=(650)
19 1
+17 1
-17 2
+20 2

fl=(57) /usr/src/debug/glibc-2.12-2-gc4ccff1/csu/libc-start.c
fn=(288) (below main)
96 7
+10 1
-10 3
+10 3
+52 1
-52 1
+52 1
+1 4
cfi=(58) /usr/src/debug/glibc-2.12-2-gc4ccff1/stdlib/cxa_atexit.c
cfn=(290) __cxa_atexit
calls=1 57 
* 60
+22 4
+3 2
+1 5
cob=(7)
cfi=(54)
cfn=(294) __libc_csu_init
calls=1 0 
* 64
+4 4
+15 2
+9 2
cfi=(59) /usr/src/debug////////glibc-2.12-2-gc4ccff1/setjmp/../sysdeps/x86_64/bsd-_setjmp.S
cfn=(320) _setjmp
calls=1 34 
* 29
+1 2
+5 2
+1 2
+3 2
+3 5
cob=(7)
cfi=(54)
cfn=(326) main
calls=1 0 
* 2939221918
+32 2
cfi=(90) /usr/src/debug/glibc-2.12-2-gc4ccff1/stdlib/exit.c
cfn=(558) exit
calls=1 99 
* 5933
106 2

fl=(64) /usr/src/debug/glibc-2.12-2-gc4ccff1/malloc/hooks.c
fn=(460) realloc_hook_ini
48 3
+1 1
-1 2
+1 1
+1 2
+1 1
cfi=(65) /usr/src/debug/glibc-2.12-2-gc4ccff1/malloc/arena.c
cfn=(344) ptmalloc_init
calls=1 467 
* 16
+1 2
+1 3
-1 1
cfi=(63) /usr/src/debug/glibc-2.12-2-gc4ccff1/malloc/malloc.c
cfn=(459) realloc'2
calls=1 3753 
* 123

fn=(342) malloc_hook_ini
36 1
-1 2
+1 1
+1 1
cfi=(65)
cfn=(344)
calls=1 467 
* 59900
+1 1
+1 1
-1 1
cfi=(63)
cfn=(341) malloc'2
calls=1 3619 
* 1053

fl=(68) /usr/src/debug/glibc-2.12-2-gc4ccff1/nptl/../nptl/sysdeps/unix/sysv/linux/register-atfork.c
fn=(350) __linkin_atfork
117 1
+2 4
-1 3
+2 1

fl=(81) /usr/src/debug/glibc-2.12-2-gc4ccff1/libio/getc.c
fn=(410) getc
37 120441
+3 120441
-3 120441
+3 1686174
+1 722637
fi=(85) /usr/src/debug/glibc-2.12-2-gc4ccff1/libio/libioP.h
968 240882
+1 1324851
fe=(81)
44 361323
-3 6
cfi=(72) /usr/src/debug/glibc-2.12-2-gc4ccff1/libio/genops.c
cfn=(412) __uflow
calls=3 368 
* 422
* 6

fl=(70) /usr/src/debug/glibc-2.12-2-gc4ccff1/misc/sbrk.c
fn=(358) sbrk
35 130
+8 179
+4 52
+4 89
+3 23
cfi=(71) /usr/src/debug/glibc-2.12-2-gc4ccff1/misc/../sysdeps/unix/sysv/linux/x86_64/brk.c
cfn=(360) brk
calls=23 -25 
* 276
-3 46
+7 156
-14 2
cfi=(71)
cfn=(360)
calls=1 -15 
* 12
* 4
+9 2
-2 4

fl=(69) /usr/src/debug/glibc-2.12-2-gc4ccff1/malloc/morecore.c
fn=(356) __default_morecore
48 26
+1 26
cfi=(70)
cfn=(358)
calls=26 -14 
* 975
+1 78
+3 52

fl=(48) /usr/src/debug////////glibc-2.12-2-gc4ccff1/string/../sysdeps/x86_64/strrchr.S
fn=(218) __GI_strrchr
26 1
+1 1
+1 1
+1 1
+1 1
+1 1
+1 1
+1 1
+1 1
+1 1
+1 1
+1 1
+1 1
+1 1
+1 1
+1 1
+1 1
+1 1
+1 1
+1 1
+1 1
+1 1
+1 1
+13 1
+1 1
+1 1
+1 1
+7 1
+1 1
+1 1
+1 1
+1 1
+1 1
+1 1

fl=(82) /usr/src/debug/glibc-2.12-2-gc4ccff1/libio/filedoalloc.c
fn=(420) _IO_file_doallocate
88 8
+15 12
cfi=(73) /usr/src/debug/glibc-2.12-2-gc4ccff1/libio/fileops.c
cfn=(422) _IO_file_stat
calls=2 1225 
* 28
* 4
+2 8
+11 3
+1 6
+3 12
cfi=(84) /usr/src/debug////////glibc-2.12-2-gc4ccff1/misc/../sysdeps/unix/syscall-template.S
cfn=(426) mmap
calls=2 -38 
* 12
* 6
+1 8
cfi=(72)
cfn=(428) _IO_setb
calls=2 404 
* 34
* 2
+2 8
-13 1
fi=(96) /usr/src/debug/glibc-2.12-2-gc4ccff1/libio/../sysdeps/unix/sysv/linux/sys/sysmacros.h
-65 6
fe=(82)
+65 1
-2 2
+8 1
-3 1
+3 2

fl=(61) /usr/src/debug/glibc-2.12-2-gc4ccff1/setjmp/sigjmp.c
fn=(324) __sigjmp_save
30 1
-1 2
+1 2
+5 1
-5 1
+5 2

fl=(66) /usr/src/debug/glibc-2.12-2-gc4ccff1/misc/../sysdeps/unix/sysv/linux/getpagesize.c
fn=(346) getpagesize
35 5
+16 1

fl=(93) /usr/src/debug/glibc-2.12-2-gc4ccff1/nptl/../nptl/sysdeps/unix/sysv/linux/unregister-atfork.c
fn=(596) __unregister_atfork
37 3
-8 9
+11 6
+1 12
+5 3
-6 6
+82 6

fl=(76) /usr/src/debug/glibc-2.12-2-gc4ccff1/string/../string/strstr.c
fn=(378) __GI_strstr
53 9
+10 3
+2 2
fi=(77) /usr/src/debug/glibc-2.12-2-gc4ccff1/string/../string/str-two-way.h
273 1
fe=(76)
89 9
-26 3

fl=(73)
fn=(422)
1225 2
+2 6
cfi=(83) /usr/src/debug/glibc-2.12-2-gc4ccff1/io/../sysdeps/unix/sysv/linux/wordsize-64/fxstat.c
cfn=(424) _fxstat
calls=2 37 
* 20

fn=(542) _IO_file_close_it@@GLIBC_2.2.5
162 1
+2 1
-2 2
+2 1
-2 1
+2 1
+3 5
+6 2
cfi=(72)
cfn=(544) _IO_unsave_markers
calls=1 1118 
* 5
+2 3
cfn=(546) _IO_file_close
calls=1 1252 
* 7
* 1
+4 3
+9 5
cfi=(72)
cfn=(428)
calls=1 404 
* 34
+1 2
+3 1
-3 1
+1 3
+2 1
cfi=(72)
cfn=(540) _IO_un_link
calls=1 64 
* 10
+5 1
-4 1
+1 1
+1 1
+2 1
+1 5

fn=(546)
1252 2
cfi=(75) /usr/src/debug////////glibc-2.12-2-gc4ccff1/io/../sysdeps/unix/syscall-template.S
cfn=(548) __close_nocancel
calls=1 82 
* 5

fn=(416) _IO_file_underflow@@GLIBC_2.2.5
537 12
+8 9
+6 9
+3 6
+13 6
+20 6
cfi=(72)
cfn=(430) _IO_switch_to_get_mode
calls=3 188 
* 60
+6 3
+5 12
-5 6
+1 3
+1 9
+3 3
cfn=(432) _IO_file_read
calls=3 1200 
* 39
+2 6
+10 2
-3 2
+3 4
+2 4
+1 8
-11 1
+1 1
+10 1
-6 1
+6 3
-56 3
+5 2
cfi=(72)
cfn=(418) _IO_doallocbuf
calls=1 419 
* 90
* 2

fn=(432)
1200 3
+1 6
+2 3
+1 3
-1 3
cfi=(75)
cfn=(434) read
calls=3 82 
* 21

fn=(526) _IO_file_write@@GLIBC_2.2.5
1261 7
+2 7
-2 42
+2 7
-2 7
+2 14
+11 7
-11 14
+2 14
+3 28
cfi=(75)
cfn=(528) write
calls=7 82 
* 49
+1 14
+9 21
+3 42
-6 21

fn=(656) _IO_file_setbuf@@GLIBC_2.2.5
445 2
+1 1
cfi=(72)
cfn=(658) _IO_default_setbuf
calls=1 562 
* 63
* 2
+4 1
-1 3
+2 3
+3 3

fn=(660) _IO_file_sync@@GLIBC_2.2.5
891 1
+5 1
-5 1
+5 3
+2 1
+1 2
+17 2
+4 2

fn=(524) _IO_do_write@@GLIBC_2.2.5
493 42
+1 7
-1 14
+1 14
+2 42
+11 21
+7 28
+8 35
cfn=(526)
calls=7 1261 
* 294
+1 7
-1 7
+1 14
+5 7
-2 7
+2 7
-2 21
+1 14
+1 7
-34 7
+34 7
-34 7
+29 14
+5 14

fn=(366) _IO_file_init@@GLIBC_2.2.5
147 3
+5 1
-1 1
-4 1
+4 1
+3 1
cfi=(72)
cfn=(368) _IO_link_in
calls=1 -50 
* 77
+1 1
+1 4

fn=(520) _IO_file_overflow@@GLIBC_2.2.5
829 905
+1 181
-1 181
+1 362
+7 1082
+35 362
+3 362
+3 181
+1 181
-1 362
+1 724
+5 181
+1 905
-45 2
+12 3
+9 2
+4 1
+4 1
-1 1
-5 1
+1 1
+4 1
-3 1
+1 1
+3 1
-3 2
+3 3
+1 3
+9 21
+3 7
-1 21
cfn=(524)
calls=7 493 
* 637
* 14
-39 2
cfi=(72)
cfn=(418)
calls=1 419 
* 101
+1 6

fn=(552) _IO_file_finish@@GLIBC_2.2.5
205 1
+1 1
-1 1
+1 1
+6 2
+1 1
-1 1
cfi=(72)
cfn=(554) _IO_default_finish
calls=1 687 
* 24

fn=(370) _IO_file_fopen@@GLIBC_2.2.5
257 9
+11 2
415 7
270 3
+25 1
-10 1
+10 1
-10 1
+10 16
-25 4
+65 1
227 2
+4 3
cfi=(75)
cfn=(374) open
calls=1 82 
* 7
* 1
+4 2
+3 1
-1 1
+1 2
+1 2
-1 1
+1 1
+7 2
cfi=(72)
cfn=(368)
calls=1 104 
* 11
+97 3
cfi=(76)
cfn=(378)
calls=1 53 
* 27
* 1
+1 3
fi=(74) /usr/src/debug/glibc-2.12-2-gc4ccff1/libio/../iconv/gconv_charset.h
39 1
fe=(73)
288 2
+13 2

fl=(59)
fn=(320)
34 1
+2 1
cfi=(60) /usr/src/debug////////glibc-2.12-2-gc4ccff1/setjmp/../sysdeps/x86_64/setjmp.S
cfn=(322) __sigsetjmp
calls=1 -10 
* 27

fl=(62) /usr/src/debug/glibc-2.12-2-gc4ccff1/libio/../libio/iofopen.c
fn=(336) __fopen_internal
68 7
+8 1
-8 1
+8 1
cfi=(63)
cfn=(340) malloc
calls=1 3619 
* 60976
* 1
+2 1
-2 1
+2 1
+3 1
+3 5
-3 1
+3 1
cfi=(72)
cfn=(362) _IO_no_init
calls=1 648 
* 57
+4 1
+1 1
-1 1
+1 1
cfi=(73)
cfn=(366)
calls=1 +58 
* 90
+4 5
cfi=(73)
cfn=(370)
calls=1 257 
* 121
* 2
+2 1
+5 5
-5 1
cfn=(382) __fopen_maybe_mmap
calls=1 -50 
* 4

fn=(382)
45 1
-2 1
+2 1
+15 1

fn=(334) fopen@@GLIBC_2.2.5
107 2
cfn=(336)
calls=1 -39 
* 61288

fl=(84)
fn=(468) mremap
82 5
+1 1

fn=(426)
82 15
+1 3

fn=(486) munmap
82 8
+1 2

fl=(60)
fn=(322)
26 1
+2 1
+1 2
+1 1
+4 1
+1 1
+1 1
+1 1
+1 1
+2 2
+2 1
+1 1
+2 2
+2 1
+9 1
cfi=(61)
cfn=(324)
calls=1 -26 
* 9

fl=(65)
fn=(344)
467 12
+8 6
631 14
476 1
-66 1
+2 1
+1 1
+1 1
+1 1
cfi=(66)
cfn=(346)
calls=1 35 
* 6
519 1
415 1
+96 1
-93 1
+1 1
+91 1
+1 1
+8 1
+8 2
+1 1
-3 1
+3 1
-1 1
+1 10
cfi=(68)
cfn=(350)
calls=1 117 
* 9
+11 2
+2 5
+16 2
382 114
+16 57
-18 174
622 2
+5 2
+1 2
+2 2
521 5
cfi=(67) /usr/src/debug/glibc-2.12-2-gc4ccff1/elf/dl-addr.c
cfn=(348) _dl_addr
calls=1 127 
* 59453
-2 2
+2 1
-2 2
382 14

fl=(92)
fn=(594)
31 6
+18 3
-18 3
+18 3
-18 15
+4 12
+4 18
-4 9
+32 12
+4 18
-4 9
+12 6
+3 3
-2 3
+2 18
-2 3
cfi=(93)
cfn=(596)
calls=3 -43 
* 45

fl=(51) /usr/src/debug/glibc-2.12-2-gc4ccff1/stdlib/bsearch.c
fn=(228) bsearch
27 104
+7 162
+2 54
+2 54
-2 54
+1 216
+1 108
cfi=(50)
cfn=(230) intel_02_known_compare
calls=54 152 
* 378
+1 108
+2 8
+1 8
-8 24
+14 72

fl=(89) /usr/src/debug/glibc-2.12-2-gc4ccff1/libio/iofclose.c
fn=(538) fclose@@GLIBC_2.2.5
43 3
+14 1
-14 1
+14 2
+3 16
+1 2
fi=(85)
968 2
+1 6
fe=(89)
66 4
cfi=(73)
cfn=(552)
calls=1 205 
* 32
+1 3
+18 6
+2 1
+1 2
cfi=(63)
cfn=(484) free
calls=1 3702 
* 112
* 1
+4 5
-10 2
-20 2
cfi=(73)
cfn=(542)
calls=1 162 
* 100
* 3
-4 1
cfi=(72)
cfn=(540)
calls=1 +6 
* 80
* 2
fi=(85)
969 6
fe=(89)

fl=(44)
fn=(210)
52 6
+6 1
-6 2
+6 2
+17 1
fi=(46) /usr/src/debug/glibc-2.12-2-gc4ccff1/csu/../sysdeps/unix/sysv/linux/x86_64/init-first.c
-40 2
fe=(44)
+38 1
+1 1
fi=(46)
-41 2
fe=(44)
+42 1
fi=(46)
-42 3
+2 1
cfi=(45) /usr/src/debug/glibc-2.12-2-gc4ccff1/elf/../sysdeps/unix/sysv/linux/dl-vdso.c
cfn=(212) _dl_vdso_vsym
calls=1 -8 
* 8
+8 1
-5 2
+5 1
-5 1
+2 2
+1 1
+2 1
cfi=(45)
cfn=(212)
calls=1 -16 
* 8
fe=(44)
+46 3
fi=(46)
-45 2
+1 1
fe=(44)
+44 1
cfi=(47) /usr/src/debug/glibc-2.12-2-gc4ccff1/misc/init-misc.c
cfn=(216) __init_misc
calls=1 -58 
* 58
+8 1
cfi=(49)
cfn=(220)
calls=1 -78 
* 2009
+2 6
-32 1
-9 1
+9 4

fl=(47)
fn=(216)
31 3
+1 1
-1 1
+1 4
+2 3
cfi=(48)
cfn=(218)
calls=1 -8 
* 34
+1 2
+3 3
+1 3
+2 4

fl=(63)
fn=(340)
3619 14229740
+5 5691896
+1 5691896
+3 5691894
+33 22767576
+3 8537841
cfn=(352) _int_malloc
calls=2845947 4280 
* 170648452
+1 2845947
-1 2845947
+1 2845947
+21 11383788
+4 17075682
-64 1
+64 4
-64 1
cfi=(64)
cfn=(342)
calls=1 36 
* 60961

fn=(341)
3619 5
+5 2
+1 2
+3 2
+33 8
+3 3
cfn=(352)
calls=1 4280 
* 1018
+1 1
-1 1
+1 1
+21 4
+4 6

fn=(354) malloc_consolidate
5138 96
+22 24
+1 33
+2 11
+17 11
+2 22
+3 22
+4 22
-4 198
+4 286
+25 33850
-1 33850
+1 315903
+4 79893
+4 79893
-3 79893
+1 79893
+2 79893
+1 5569
+1 5569
+3 5569
+1 5569
+1 5569
-2 5569
+3 5569
-3 5569
+12 5569
-3 5569
+3 5569
-12 74324
+1 74324
+1 74324
-2 74324
+3 74324
-3 74324
+12 74324
-3 74324
+3 74564
-3 240
+3 240
-41 80133
-3 80133
+3 160266
+1 80133
+1 160266
+2 160266
+1 41194
+2 41194
-1 41194
+2 417355
+3 160266
+3 159786
+4 92086
+26 418
-7 240
+1 240
-1 720
2481 3
+5 3
+5 1
+2 1
-2 1
+2 1
5248 96
2482 1
5134 2
2482 3
-2 2
+2 378
-2 253
+10 3

fn=(462) _int_realloc
5257 96
+22 12
-22 12
+21 12
+1 12
-1 12
+1 12
-1 24
+21 12
+1 12
+1 24
-1 12
+1 24
+7 12
+83 12
-83 12
+8 24
5494 84
5316 12
+2 12
-2 24
+21 4
cfn=(352)
calls=1 4280 
* 190
* 1
+1 4
+3 1
+1 1
+5 2
+11 1
+1 1
+2 2
+3 2
+22 4
cfn=(466) _int_free
calls=1 4802 
* 95
+5 2
-72 44
+2 11
-2 22
+2 11
-2 33
+1 22
+1 11
+2 22
+42 2
cfi=(87) /usr/src/debug////////glibc-2.12-2-gc4ccff1/string/../sysdeps/x86_64/memcpy.S
cfn=(464) memcpy
calls=1 56 
* 24635
* 1

fn=(466)
4802 25613541
+15 2845949
-15 2845949
+15 5691898
+6 17075694
+17 5691898
+13 5691898
+11 2845894
+1 2845894
-1 5691788
+1 2845894
-1 5691788
+29 8537682
+3 8537682
+1 5691788
+1 2845894
+4 2845894
-4 2845894
+10 19921258
+9 11383576
+2 2845894
+2 17075364
+2 5691788
5117 22767160
4952 110
+2 220
+19 165
+6 55
-10 55
+10 55
+8 165
+7 110
-1 55
+1 110
+7 165
+4 110
+1 4
+2 4
-1 4
+2 40
+3 110
+5 106
+1 143
+1 14
+10 14
+1 14
+1 28
-2 39
+1 39
+1 78
+7 53
-2 53
+1 53
+1 53
+2 11
+1 11
+2 11
+3 11
-2 11
+2 11
+1 11
-1 11
+31 22
-34 42
+3 42
-2 42
+2 42
+1 42
-1 42
+31 88
+1 14
+3 21
4963 432
+58 78
+62 35
3469 2
+4 14
+2 4
+6 3
cfi=(69)
cfn=(356)
calls=1 48 
* 27
* 1
+1 4
+12 3
cfi=(69)
cfn=(356)
calls=1 48 
* 49
+2 2
+1 2
+2 2
cfi=(69)
cfn=(356)
calls=1 48 
* 27
+2 2
+3 2
+3 2
-1 1
+1 3
5098 165
+2 216
+17 432
-59 2
+2 2
-1 8
+20 4
cfn=(354)
calls=2 +59 
* 2519794
* 2
-98 55
-2 55
+2 110
-2 110

fn=(352)
4280 25613550
+30 22767600
+8 5691900
+1 8537685
+1 2845895
+2 2845895
+4 5691790
-6 2765761
+9 5531522
-9 2765761
+9 8297283
+1 2765761
-1 2765761
+1 5531522
+5 13828805
4715 2772592
-1 2772592
+1 5545184
+75 25613550
4363 160378
+1 80177
+1 80177
-1 80177
+1 80177
-1 80177
+1 160354
+2 240531
+1 6860
+3 3429
+1 6858
+6 3429
+1 3429
+2 3429
-4 3429
+4 6858
+23 92
+1 36
+1 8
cfn=(354)
calls=2 5138 
* 8340
* 4
4764 2
-2 2
+2 4
-2 2
+2 6
-2 2
+2 20
4448 2
4764 10
4425 2
4764 6
4433 2
4764 2
4448 2
4764 4
4425 2
4764 76758
-2 76758
+2 153516
-2 76758
+2 230274
-2 76758
+2 767580
4448 76758
4764 383790
4425 76758
4764 230274
4433 76758
4764 76758
4448 76758
4764 153516
4425 76758
4764 14
4425 7
+69 6507
+1 6507
+1 32535
-1 6507
+1 6507
-1 6507
+1 13014
+45 6507
+4 6507
-3 6507
-1 6507
+7 6507
-5 6507
+1 6507
+1 6507
+3 6507
-7 23
+4 23
-3 23
-1 23
+7 23
-5 23
+1 23
+1 23
+3 23
4425 249891
+3 15472
-2 15472
+1 61888
+8 15472
+10 61724
+35 6832
-5 6832
+1 6832
+4 6832
+13 13060
+6 252
+1 16
+1 16
+3 32
-5 24
+1 3
+1 3
+3 6
+5 9
-3 9
+3 18
+10 27
+6 18
+10 18
-36 71
+1 2
+1 2
+3 4
-5 14
+1 2
+1 2
+3 4
+34 56
-91 10605
-2 42382
+6 8640
+1 17280
+4 8640
-3 17280
+1 8640
+1 17280
+1 8640
+2 5052
+1 5052
+3 5052
+3 5052
-3 5052
+6 5052
-6 25260
+2 5052
-2 5052
+7 5052
-5 10104
+5 15156
-7 3588
+3 3588
-3 3588
+6 3588
-6 17940
+2 3588
-2 3588
+7 3588
-5 7176
+5 10764
+30 14
+28 18
+30 203475
+71 67825
+4 67825
-4 67825
+2 67825
-1 67825
+3 67825
-2 67825
+2 67825
-1 67825
-2 67825
+3 67825
-1 67825
-2 135650
+8 339763
+2 777165
+2 777320
+2 696
+5 174
-5 348
+5 338
+1 164
+1 164
-2 328
+1 11799
+1 11799
-2 31232
+7 3991
+3 7982
+1 891
+1 891
+1 891
-2 2673
+60 891
+18 64725
+1 64725
-1 64725
+1 64725
+2 129450
+18 60
+1 35
cfn=(354)
calls=7 5138 
* 662522
+5 7
-3 28
+3 7
-3 7
4482 302
-1 302
+1 604
+76 48
+3 36
4749 64695
+1 258872
4404 6
4665 3100
+8 6200
-8 3100
+5 6200
+3 24953
+3 6200
+13 1947
+1 3894
-6 1947
+17 1947
-6 1947
+1 1947
+2 1947
-1 1947
+4 1947
+1 1947
+1 3894
+2 18
+1 18
+2 18
+3 18
-3 108
+2 36
-2 18
+2 36
-2 1929
+3 1929
-3 11574
+2 3858
-2 1929
+2 3858
4404 68
-78 5531522
4678 1153
-1 1153
+1 3459
4404 6
-35 4
cfn=(354)
calls=1 5138 
* 670
* 3
+35 16
2992 46
+13 23
-13 23
+13 26
+14 5
+7 2
+83 66
3422 66
+1 22
+8 88
+4 44
-2 22
+2 44
-1 22
+1 44
+1 22
-1 22
+1 22
+2 22
-3 44
+1 22
4785 69
-41 129390
-2 64695
+2 129390
-1 64695
+1 129390
+2 64695
-2 64695
+2 64695
-2 129390
+2 129390
3076 44
+95 22
+19 22
-19 22
+8 22
-8 88
+19 110
+8 22
-8 22
+8 22
+1 110
cfi=(69)
cfn=(356)
calls=22 48 
* 1027
+2 22
-2 22
+2 66
+2 44
+1 44
4786 44
3249 44
+1 1
+1 2
3086 1
3257 1
-6 1
+6 1
-6 42
3086 21
3257 21
-6 21
+6 63
+1 105
-32 2
+34 7
+42 5
+19 1
+7 2
-4 1
+4 1
-4 1
+1 4
+3 2
cfi=(69)
cfn=(356)
calls=1 48 
* 27
+12 4
+5 2
+1 2
4786 1
3365 1
-1 1
+1 3
+1 1
+11 2
-84 2
3028 8
cfi=(84)
cfn=(426)
calls=1 82 
* 6
+2 3
+27 3
+5 5
+1 1
+2 1
+1 1
-1 1
+1 1
+1 1
+9 2

fn=(458) realloc
3753 117
+7 26
+1 26
+4 24
+4 24
+5 12
-2 12
+2 24
+6 72
+7 96
+3 24
+19 33
+9 66
+8 55
cfn=(462)
calls=11 5257 
* 25537
* 11
+2 44
+4 33
+27 108
3568 1
+1 1
-1 1
+16 1
-3 4
+3 2
3796 2
3587 9
cfi=(84)
cfn=(468)
calls=1 82 
* 6
+3 4
+2 1
+5 1
+3 1
-3 4
+3 1
+1 1
-1 1
+1 1
+1 2
3762 1
+97 7
-97 1
cfi=(64)
cfn=(460)
calls=1 48 
* 155

fn=(459)
3753 9
+7 2
+1 2
+4 2
+4 2
+5 1
-2 1
+2 2
+6 6
+7 8
+3 2
+19 3
+9 6
+8 5
cfn=(462)
calls=1 5257 
* 55
* 1
+2 4
+4 3
+27 9

fn=(402) calloc
4050 1
-13 1
+13 1
-3 1
+3 1
-13 6
+10 1
+3 2
+8 2
+1 2
+15 10
+7 1
+8 1
-7 2
+7 2
+7 3
cfn=(352)
calls=1 4280 
* 157
+6 1
-6 1
+6 1
+21 4
+5 1
-4 1
+4 2
+47 9
-36 1
-3 1
+3 4
+10 1
+1 2
+3 2
+7 1
-3 1
+1 1
+1 1
+1 1
-21 3

fn=(484)
3702 5691898
+1 5691898
+5 5691898
+6 2845949
-3 2845949
+3 5691898
+15 8537844
+2 5691896
cfn=(466)
calls=2845948 4802 
* 198892223
-14 7
+4 2
+1 1
-1 1
+1 2
3535 3
+1 1
+6 6
+10 1
-3 1
+1 1
+2 1
cfi=(84)
cfn=(486)
calls=1 82 
* 5

fl=(58)
fn=(292) __new_exitfn
73 1
+6 1
-6 1
+6 5
+2 5
+2 3
-2 1
+10 1
-10 3
+45 1
+1 1
+3 4
+3 3
-35 2
+14 1
+1 2

fn=(290)
57 2
-22 1
+22 5
-22 1
cfn=(292)
calls=1 +38 
* 35
+2 3
+4 2
+3 1
-1 1
+2 1
+2 2
+12 6

fl=(45)
fn=(212)
27 2
+1 4
+4 4
+14 2
+4 4

fl=(90)
fn=(558)
99 5
-57 3
+36 3
-32 1
+32 1
-32 1
+32 3
-32 1
+32 1
-32 1
+3 2
+1 5
+33 1
+1 1
-1 1
+1 1
+7 6
cfi=(72)
cfn=(652) _IO_cleanup
calls=1 1007 
* 256
* 3
+2 2
cfi=(94) /usr/src/debug/glibc-2.12-2-gc4ccff1/posix/../sysdeps/unix/sysv/linux/_exit.c
cfn=(662) _Exit
calls=1 -64 
* 5
-19 1
+4 1
-4 2
+4 1
-2 2
+2 1
cob=(1)
cfi=(91)
cfn=(560)
calls=1 +55 
* 5621
* 1

fl=(94)
fn=(662)
29 2
+4 1
+2 2

fl=(75)
fn=(434)
82 6
cfn=(436) __read_nocancel
calls=3 * 
* 15

fn=(376) __open_nocancel
82 5

fn=(530) __write_nocancel
82 35

fn=(436)
82 15

fn=(548)
82 5

fn=(374)
82 2
cfn=(376)
calls=1 * 
* 5

fn=(528)
82 14
cfn=(530)
calls=7 * 
* 35

fl=(87)
fn=(464)
56 1
+2 1
+2 1
+3 1
+1 1
+11 1
+1 1
+11 1
+1 1
+11 1
+1 1
+2 1
+1 1
+2 1
+1 1
+5 1
+1 1
+23 1
+8 1
+6 1
+2 1
+1 1
+26 1
+1 1
+73 1
+1 1
+1 1
+5 1
+1 1
+4 1
+1 1
+2 2049
+1 1
+6 1
+1 1
+1 1
+25 1
+1 1
+1 1
+3 1
+1 1
+1 1
+1 1
+2 1
+2 1
+2 1
+2 1
+3 1
+1 1
+69 512
+2 512
+1 512
+1 512
+1 512
+1 512
+1 512
+1 512
+1 512
+2 512
+1 512
+2 512
+1 512
+1 512
+1 512
+1 512
+1 512
+1 512
+1 512
+2 512
+1 512
+2 512
+2 512
+2 512
+1 512
+1 512
+1 512
+1 512
+1 512
+1 512
+1 512
+2 512
+1 512
+2 512
+1 512
+1 512
+1 512
+1 512
+1 512
+1 512
+1 512
+2 512
+1 512
+2 512
+3 1
+2 1
+2 1
+2 1
+6 1
+1 1
+1 1
+2 1
+6 1
+1 1

fl=(71)
fn=(360)
29 24
+3 144
+2 72
+7 48

fl=(72)
fn=(412)
368 3
+2 3
-2 3
+2 7
+6 9
+3 12
+2 9
+6 6
+5 6
+2 6
+1 3
-1 6
cfn=(414) _IO_default_uflow
calls=3 +46 
* 345
-24 4

fn=(414)
440 3
-1 6
+1 3
cfi=(73)
cfn=(416)
calls=3 +97 
* 313
+1 6
+2 8
+1 6

fn=(554)
687 2
+2 3
+6 3
+3 3
+6 1
+6 1
-6 1
cfn=(540)
calls=1 64 
* 10

fn=(658)
562 5
+1 1
-1 2
+1 1
cfi=(73)
cfn=(660)
calls=1 891 
* 13
* 2
+2 2
+2 1
+1 5
cfn=(428)
calls=1 404 
* 19
+7 3
+1 3
+2 6

fn=(430)
188 6
-1 6
+1 3
+3 9
+5 3
-1 6
+1 3
+7 3
-4 3
+2 9
+2 3
+2 6

fn=(428)
404 16
+1 4
-1 4
+1 12
+4 4
-2 4
+1 4
+1 4
+3 2
+1 8
-3 2
+3 8
-7 7
cfi=(84)
cfn=(486)
calls=1 82 
* 5
* 3

fn=(368)
104 8
+1 6
+4 1
-2 2
+2 5
+1 11
+1 1
+1 15
+4 1
+2 1
-4 1
+1 1
-1 1
+4 7
+2 1
-1 1
+1 9
+1 2
+3 8
-6 6

fn=(544)
1118 2
+19 2
+1 1

fn=(362)
648 9
+1 1
cfn=(364) _IO_old_init
calls=1 -13 
* 24
+3 1
-2 1
+2 1
+2 1
+1 1
+1 1
+1 1
+1 1
+1 1
+1 1
+1 1
+1 1
+1 1
+1 1
+1 1
+2 1
+3 1
+1 6

fn=(364)
636 1
-21 1
+1 1
-1 1
+2 1
+1 1
+1 1
+17 1
-16 1
+1 1
+1 1
+1 1
+1 1
+1 1
+2 1
+1 1
+1 1
+1 1
+1 1
+5 1
+1 4

fn=(518) __overflow
246 543
+1 1
+1 3
cfi=(73)
cfn=(520)
calls=1 829 
* 162
* 540
cfi=(73)
cfn=(520)
calls=180 829 
* 6640

fn=(652)
1007 1
+3 1
-3 4
+3 1
cfn=(654) _IO_flush_all_lockp
calls=1 823 
* 77
-59 1
+59 1
-59 2
+11 2
-9 12
+1 2
-1 7
+9 13
+7 5
+10 5
cfi=(73)
cfn=(656)
calls=1 445 
* 78
+2 2
+6 3
-36 9
+71 7
-51 1
+4 1
-4 1
+2 1
+2 1
-2 1
+3 1
-2 1
+2 3
+6 12

fn=(418)
419 2
+1 2
-1 2
+1 2
+6 4
-4 4
+1 6
cfi=(82)
cfn=(420)
calls=2 88 
* 165
* 4

fn=(540)
64 12
+1 6
+4 6
+1 11
+1 1
+1 15
+2 3
+2 2
+14 1
+2 8
+2 1
-1 1
+1 9
+1 2
+3 12
-6 6
-14 1
+2 1
-2 2

fn=(654)
823 2
+6 1
-6 6
+6 2
+6 1
-1 1
+2 2
-2 1
+2 3
+33 2
+4 9
-37 8
+6 2
-4 2
+4 5
-4 1
+4 2
+14 3
-2 3
+2 3
+7 6
-21 12

fl=(86) /usr/src/debug/glibc-2.12-2-gc4ccff1/libio/feof.c
fn=(444) feof
37 30111
-3 30111
+3 451665
+1 120444
+1 361332
+2 60222

fl=(67)
fn=(348)
127 9
+5 1
-5 2
+5 2
cob=(1)
cfi=(2)
cfn=(42)
calls=1 836 
* 2
+3 5
+1 4
+1 18
31 2
+1 2
+3 3
+5 1
+6 1
-6 1
+1 3
+2 3
+3 1
+5 3
+74 1
-74 1
+74 4
-72 1
+19 1
-18 2
-1 1010
+19 1010
-18 2020
+2 3600
+14 1257
+2 3771
-10 2514
+1 1257
-1 4314
+1 900
-1 1800
+2 4314
-2 4314
+3 6462
-3 5538
+3 615
-3 1278
+3 16
-3 32
+3 599
-3 3355
+10 5325
-21 4042
+85 12
-36 2
+1 2
+1 2
+3 2
+41 2
cob=(1)
cfi=(2)
cfn=(44)
calls=1 842 
* 2
+3 9
-32 1
+1 3

fl=(50)
fn=(224) handle_intel
307 4
+9 2
-9 16
+8 2
+1 4
+8 4
+5 2
-5 4
+5 2
+7 10
cfn=(226) intel_check_word
calls=2 163 
* 1564
+1 4
+3 10
cfn=(226)
calls=2 163 
* 194
+1 4
-10 2
+1 2
-1 4
+27 16

fn=(226)
163 44
+1 8
+8 4
-2 32
+14 20
+53 16
+36 40
-1 8
+1 8
cfi=(51)
cfn=(228)
calls=8 27 
* 1350
+2 16
+22 8
172 16
+2 10
+2 20
-4 2
302 32
196 10
+5 15
-5 2
+11 10
+23 3
-34 15
+5 6
+4 8
+2 10
+8 2
+2 4
+2 28
-12 3
-6 1
-5 1
+9 2
+2 4

fn=(222)
538 4
+13 3
+7 2
747 5
560 3
cfn=(224)
calls=1 307 
* 900
+4 2
-4 1
+4 1
cfn=(224)
calls=1 307 
* 950
+2 1
-2 1
+2 2
+29 1
-18 1
+18 3
+7 6
+6 2
-6 12
+6 6
+3 20
+2 1
+6 6
+7 1
-7 1
+38 2
+75 2
+3 2
+1 1
+1 1
-1 2
+4 2
+3 2
+1 1
+1 1
-1 3
-86 7
-1 3
-31 8
+2 2
+2 8
+2 4
+5 1
+2 2
+1 1
-1 1
+1 4
+1 1

fn=(230)
152 216
+3 108
+1 54

fl=(83)
fn=(424)
37 2
-1 2
+1 2
+1 12
+4 2

fl=(41) /usr/src/debug/glibc-2.12-2-gc4ccff1/csu/../sysdeps/x86_64/multiarch/init-arch.c
fn=(166) __init_cpu_features
53 1
-8 1
+8 1
+3 1
-3 1
+3 3
+70 1
+1 1
+2 1
+1 2
-74 2
+9 1
-33 3
+6 1
-6 1
+6 1
-6 1
+7 1
+30 1
-30 1
-7 1
+37 1
-31 1
+27 2
-26 1
+30 1
+1 1
-38 1
+32 1
+6 1
+5 2
+3 1
+1 2
+11 2
+12 4
-23 9

fl=(40)
fn=(168)
124 1
+1 1
+3 1
+1 1
+1 1
+5 1

fn=(164)
106 1
+1 1
+1 1
cfi=(41)
cfn=(166)
calls=1 -55 
* 57
+2 1
+1 1
+1 1
+5 1

fl=(88) /usr/src/debug/glibc-2.12-2-gc4ccff1/libio/putc.c
fn=(516) putc
29 181
+3 181
-3 362
+3 2534
+1 543
fi=(85)
968 362
+1 1991
fe=(88)
36 543
-3 543
cfi=(72)
cfn=(518)
calls=181 246 
* 7889
* 362

ob=(7)
fl=(78) /usr/sup/src/cii40/src/mem.c
fn=(478) Mem_free
36 8460288
+1 2820096
+1 4230144
cob=(3)
cfi=(63)
cfn=(484)
calls=1410048 3702 
* 118443990
cob=(1)
cfi=(55)
cfn=(282)
calls=1 -8 
* 1404
* 1410052
+1 2820096

fn=(386) Mem_alloc
8 11280376
+3 4230141
cob=(3)
cfi=(63)
cfn=(340)
calls=1410047 3619 
* 133767002
cob=(1)
cfi=(55)
cfn=(282)
calls=1 +19 
* 1458
* 1410051
* 1410047
+1 2820094
+7 1410047
+1 2820094

fn=(396) Mem_calloc
22 11
+4 5
cob=(3)
cfi=(63)
cfn=(402)
calls=1 4050 
* 233
cob=(1)
cfi=(55)
cfn=(282)
calls=1 +4 
* 1497
* 5
* 1
+1 2
+7 1
+1 2

fn=(452) Mem_resize
41 143
+3 65
cob=(3)
cfi=(63)
cfn=(458)
calls=13 3753 
* 26552
cob=(1)
cfi=(55)
cfn=(282)
calls=1 -14 
* 1338
* 17
* 13
+1 26
+7 13
+1 26

fl=(54)
fn=(304) 0x0000000000400c50
0 15

fn=(314) 0x0000000000402b80
0 12

fn=(328) read_in_file
0 6
cob=(3)
cfi=(62)
cfn=(334)
calls=1 107 
0 61290
cob=(1)
cfi=(55)
cfn=(282)
calls=1 30 
0 1403
0 5
0 4

fn=(494) segmented_load
0 214074344

fn=(496) bitwise_NAND
0 34367120

fn=(326)
0 2
cfn=(328)
calls=1 0 
0 62708
0 6
cfn=(384) UM_new
calls=1 0 
0 1686
0 2
cfn=(392) UM_read_program
calls=1 0 
0 12110714
0 2
cfn=(488) UM_run_program
calls=1 0 
0 2919048433
0 2
cfn=(532) UM_free
calls=1 0 
0 7996469
0 2
cob=(3)
cfi=(89)
cfn=(538)
calls=1 43 
0 395
cob=(1)
cfi=(55)
cfn=(282)
calls=1 30 
0 1489
0 5
0 3

fn=(498) addition
0 21987280

fn=(488)
0 1246072355
cfn=(510) output
calls=181 0 
0 18266
cfn=(508) unmap_segment
calls=1410045 0 
0 190168418
cfn=(506) division
calls=170336 0 
0 1362688
cfn=(504) multiplication
calls=104915 0 
0 734405
cfn=(502) map_segment
calls=1414834 0 
0 495124118
cfn=(500) conditional_move
calls=2746419 0 
0 23581015
cfn=(498)
calls=3141040 0 
0 21987280
cfn=(496)
calls=4295890 0 
0 34367120
cfn=(494)
calls=19461304 0 
0 214074344
cfn=(492) segmented_store
calls=16200748 0 
0 178208228
0 481210211
cfn=(490) load_program
calls=3571109 0 
0 17855545
0 14284440

fn=(506)
0 1362688

fn=(532)
0 15
cob=(3)
cfi=(63)
cfn=(484)
calls=1 3702 
0 139403
0 1
0 105240
cob=(3)
cfi=(63)
cfn=(484)
calls=21048 3702 
0 1768598
0 21048
0 42098
cob=(3)
cfi=(63)
cfn=(484)
calls=21049 3702 
0 1768823
0 21049
0 123392
cfi=(78)
cfn=(478)
calls=16258 36 
0 1593284
0 4
cfi=(78)
cfn=(478)
calls=1 36 
0 98
0 32522
cfi=(78)
cfn=(478)
calls=1 36 
0 98
0 6
cob=(3)
cfi=(63)
cfn=(484)
calls=1 3702 
0 2380789
0 1

fn=(274)
0 11
cob=(3)
cfi=(57)
cfn=(288)
calls=1 96 
0 2939228061
cob=(1)
cfi=(55)
cfn=(282)
calls=1 30 
0 1863
0 5

fn=(490)
0 17855545

fn=(504)
0 734405

fn=(572) 0x0000000000400b70
0 8

fn=(298) 0x0000000000400b4c
0 6

fn=(500)
0 23581015

fn=(566) 0x0000000000400be0
0 14
cfn=(572)
calls=1 0 
0 8
0 5

fn=(384)
0 5
cfi=(78)
cfn=(386)
calls=1 8 
0 1672
0 9

fn=(294)
0 15
cob=(2)
cfi=(12)
cfn=(296) 0x00000000004009e0
calls=1 0 
0 39
0 10

fn=(510)
0 1086
cob=(3)
cfi=(88)
cfn=(516)
calls=181 29 
0 15491
cob=(1)
cfi=(55)
cfn=(282)
calls=1 30 
0 1504
0 185

fn=(492)
0 178208228

fn=(508)
0 18330585
cfi=(78)
cfn=(386)
calls=1410045 8 
0 159147428
0 12690405

fn=(392)
0 12
cfi=(79) /usr/sup/src/cii40/src/seq.c
cfn=(394) Seq_new
calls=1 26 
0 2031
0 240885
cob=(3)
cfi=(81)
cfn=(410)
calls=120441 37 
0 4697624
cob=(1)
cfi=(55)
cfn=(282)
calls=1 30 
0 1369
0 120445
0 2890564
cob=(3)
cfi=(86)
cfn=(444)
calls=30111 37 
0 1053885
cob=(1)
cfi=(55)
cfn=(282)
calls=1 30 
0 1362
0 30115
0 210772
cfi=(79)
cfn=(446) Seq_addhi
calls=30110 89 
0 1293580
0 30112
cfi=(79)
cfn=(470) Seq_length
calls=1 50 
0 10
0 5
cob=(3)
cfi=(63)
cfn=(340)
calls=1 3619 
0 192
0 1
0 10
cob=(3)
cfi=(63)
cfn=(340)
calls=1 3619 
0 183
0 1
0 8
cob=(3)
cfi=(63)
cfn=(340)
calls=1 3619 
0 298
0 1
0 120464
cfi=(79)
cfn=(472) Seq_get
calls=1 54 
0 35
0 90327
cfi=(79)
cfn=(472)
calls=30109 54 
0 1053815
0 210772
cfi=(79)
cfn=(474) Seq_free
calls=1 45 
0 1609
0 60227

fn=(502)
0 17083248
cob=(3)
cfi=(63)
cfn=(340)
calls=21048 3619 
0 4004092
0 21048
0 168384
cob=(3)
cfi=(63)
cfn=(340)
calls=21048 3619 
0 3917420
0 21048
0 24688550
cfi=(78)
cfn=(478)
calls=1393786 36 
0 136591028
0 9756502
cob=(3)
cfi=(63)
cfn=(484)
calls=1393786 3702 
0 117078144
0 1393786
0 6968930
cob=(3)
cfi=(63)
cfn=(340)
calls=1393786 3619 
0 128552890
0 1393786
0 43305071
cob=(3)
cfi=(63)
cfn=(340)
calls=15 3619 
0 14520
0 15
0 163955
cob=(3)
cfi=(63)
cfn=(484)
calls=15 3702 
0 1626
0 15
0 60

fl=(79)
fn=(394)
26 7
+3 5
cfi=(78)
cfn=(396)
calls=1 -7 
* 1757
* 1
+1 2
+3 3
-1 4
cfi=(78)
cfn=(386)
calls=1 -24 
* 210
* 8
cfi=(80) /usr/sup/src/cii40/src/uarray.c
cfn=(404) UArrayRep_init
calls=1 -14 
* 29
+2 1
+1 4

fn=(470)
50 6
+2 2
+1 2

fn=(474)
45 6
+1 4
-1 1
+3 3
cfi=(80)
cfn=(476) UArray_free
calls=1 -19 
* 1593
+1 2

fn=(446)
89 240880
+3 180660
+1 39
cfn=(448) expand
calls=13 -77 
* 28921
+1 180660
+1 90330
+1 270990
-1 90330
+1 60220
-1 30110
+2 120440

fn=(448)
16 52
+1 39
+1 78
cfi=(80)
cfn=(450) UArray_resize
calls=13 +29 
* 28674
+1 52
+6 26

fn=(472)
54 301100
+2 120440
-2 30110
+3 90330
+1 270990
-1 120440
+2 120440

fl=(80)
fn=(450)
47 130
+3 26
+2 52
+3 143
cfi=(78)
cfn=(452)
calls=13 -14 
* 28193
* 39
+1 39
+1 52

fn=(404)
18 11
+2 2
-2 2
+4 3
+1 3
+1 2
+1 4
+3 2

fn=(476)
29 6
+1 4
-1 1
+2 7
cfi=(78)
cfn=(478)
calls=1 +5 
* 1464
* 3
+1 6
cfi=(78)
cfn=(478)
calls=1 +4 
* 98
* 2
+1 2

ob=(6) /usr/lib64/libnetpbm.so.10.47
fl=(53) ???
fn=(612) 0x00000035ffc0b450
0 10
cob=(3)
cfi=(92)
cfn=(594)
calls=1 31 
0 62
cob=(1)
cfi=(55)
cfn=(282)
calls=1 30 
0 1602
0 5
0 13

fn=(260) 0x00000035ffc0b4d0
0 6

fn=(254) 0x00000035ffc0b430
0 6

fn=(266) 0x00000035ffc21bf0
0 11

ob=(4) /usr/sup/valgrind-3.9.0/lib/valgrind/vgpreload_core-amd64-linux.so
fl=(43) ???
fn=(204) 0x00000000000007a0
0 12

fn=(194) 0x0000000000000630
0 16

fn=(582) 0x00000000000005b0
0 10
cob=(3)
cfi=(92)
cfn=(594)
calls=1 31 
0 62
cob=(1)
cfi=(55)
cfn=(282)
calls=1 30 
0 1256
0 5
0 9
cfn=(602) 0x0000000000000540
calls=1 0 
0 9
0 5

ob=(2)
fl=(12)
fn=(186)
0 2
cob=(4)
cfi=(43)
cfn=(188) 0x0000000000000520
calls=1 0 
0 6
0 1
cob=(4)
cfi=(43)
cfn=(194)
calls=1 0 
0 16
0 1
cob=(4)
cfi=(43)
cfn=(204)
calls=1 0 
0 12
0 2

fn=(580)
0 2
cob=(4)
cfi=(43)
cfn=(582)
calls=1 0 
0 1356
0 2

fn=(232)
0 2
cob=(5)
cfi=(52)
cfn=(234)
calls=1 0 
0 6
0 1
cob=(5)
cfi=(52)
cfn=(240)
calls=1 0 
0 6
0 1
cob=(5)
cfi=(52)
cfn=(246)
calls=1 0 
0 11
0 2

fn=(564)
0 2
cob=(7)
cfi=(54)
cfn=(566)
calls=1 0 
0 27
0 2

fn=(252)
0 2
cob=(6)
cfi=(53)
cfn=(254)
calls=1 0 
0 6
0 1
cob=(6)
cfi=(53)
cfn=(260)
calls=1 0 
0 6
0 1
cob=(6)
cfi=(53)
cfn=(266)
calls=1 0 
0 11
0 2

fn=(610)
0 2
cob=(6)
cfi=(53)
cfn=(612)
calls=1 0 
0 1692
0 2

fn=(296)
0 2
cob=(7)
cfi=(54)
cfn=(298)
calls=1 0 
0 6

ob=(4)
fl=(43)
fn=(602)
0 9

ob=(2)
fl=(12)
fn=(296)
0 1
cob=(7)
cfi=(54)
cfn=(304)
calls=1 0 
0 15
0 1
cob=(7)
cfi=(54)
cfn=(314)
calls=1 0 
0 12
0 2

ob=(4)
fl=(43)
fn=(188)
0 6

ob=(2)
fl=(12)
fn=(630)
0 2
cob=(5)
cfi=(52)
cfn=(632)
calls=1 0 
0 1692
0 2

totals: 2939563841
